7.872657299041748
13.358882904052734
6.207345962524414
14.456782341003418
5.9597249031066895
12.286550521850586
7.872657299041748
13.358882904052734
4.808032989501953
15.885741233825684
5.9597249031066895
12.286550521850586
7.872657299041748
13.358882904052734
3.432042121887207
17.290884017944336
5.9597249031066895
12.286550521850586
7.872657299041748
13.358882904052734
3.5826797485351562
17.161895751953125
5.9597249031066895
12.286550521850586
7.872657299041748
13.358882904052734
4.264358997344971
16.498973846435547
5.9597249031066895
12.286550521850586
7.872657299041748
13.358882904052734
4.934676647186279
15.847100257873535
5.9597249031066895
12.286550521850586
7.872657299041748
13.358882904052734
5.593822479248047
15.20609188079834
5.9597249031066895
12.286550521850586
7.872657299041748
13.358882904052734
6.241982460021973
14.575766563415527
5.9597249031066895
12.286550521850586
8.366283416748047
12.969756126403809
6.385714054107666
14.345074653625488
5.9597249031066895
12.286550521850586
8.876749038696289
12.567169189453125
6.505146026611328
14.186147689819336
5.95656156539917
12.238574028015137
8.808185577392578
12.269865989685059
6.625172138214111
14.111288070678711
5.950866222381592
12.109979629516602
8.561388969421387
12.010783195495605
6.743197917938232
14.037675857543945
5.945265769958496
11.983528137207031
8.318705558776855
11.75601863861084
6.859256744384766
13.965291023254395
5.939758777618408
11.859184265136719
8.08006763458252
11.505499839782715
6.973381042480469
13.894112586975098
5.934343338012695
11.736912727355957
7.877263069152832
11.258527755737305
7.0856032371521
13.82412052154541
5.897161483764648
11.617307662963867
7.799857139587402
11.017210006713867
7.195955276489258
13.755294799804688
5.73858118057251
11.49815845489502
7.723741054534912
10.779913902282715
7.304468154907227
13.687616348266602
5.582643985748291
11.380995750427246
7.6488938331604
10.5465726852417
7.411172389984131
13.621065139770508
5.429305553436279
11.265785217285156
7.575294017791748
10.317120552062988
7.516098499298096
13.555623054504395
5.278522968292236
11.152495384216309
7.502920627593994
10.091492652893066
7.6192755699157715
13.49127197265625
5.130253314971924
11.041092872619629
7.431753635406494
9.869625091552734
7.720733165740967
13.427993774414062
4.98445463180542
10.931547164916992
7.3617730140686035
9.65145492553711
7.820499897003174
13.36577033996582
4.841085910797119
10.823827743530273
7.292958736419678
9.436921119689941
7.918603897094727
13.304583549499512
4.700106620788574
10.717903137207031
7.2252912521362305
9.22596263885498
8.0150728225708
13.244416236877441
4.561477184295654
10.613743782043457
7.158751487731934
9.01852035522461
8.109933853149414
13.18525218963623
4.425158500671387
10.511321067810059
7.093320846557617
8.814535140991211
8.203213691711426
13.127074241638184
4.291111469268799
10.410605430603027
7.028980731964111
8.6139497756958
8.294939041137695
13.069866180419922
4.159298419952393
10.311568260192871
6.965712547302246
8.416707992553711
8.385135650634766
13.01361083984375
4.029682636260986
10.214181900024414
6.903499126434326
8.222753524780273
8.47382926940918
12.958292961120605
3.9022269248962402
10.11841869354248
6.84232234954834
8.032031059265137
8.561044692993164
12.903897285461426
3.776895523071289
10.024250984191895
6.78216552734375
7.84448766708374
8.646805763244629
12.850408554077148
3.6536529064178467
9.931653022766113
6.723011016845703
7.660069942474365
8.731138229370117
12.797811508178711
3.5324642658233643
9.840598106384277
6.66484260559082
7.478725910186768
8.814064979553223
12.74609088897705
3.4132955074310303
9.751060485839844
6.6076436042785645
7.3004045486450195
8.895609855651855
12.695232391357422
3.2961130142211914
9.663015365600586
6.551397800445557
7.125054836273193
8.975794792175293
12.645221710205078
3.1808834075927734
9.576437950134277
6.496089458465576
6.952627658843994
8.97021770477295
12.606399536132812
3.0675742626190186
9.491303443908691
6.441702842712402
6.783074378967285
8.931449890136719
12.574214935302734
2.956153631210327
9.407588005065918
6.388222694396973
6.616346836090088
8.893328666687012
12.542567253112793
2.846590042114258
9.325267791748047
6.335634231567383
6.452398300170898
8.855842590332031
12.511446952819824
2.7388525009155273
9.244319915771484
6.28392219543457
6.291182041168213
8.818981170654297
12.48084545135498
2.63291072845459
9.16472053527832
6.233071804046631
6.132652759552002
8.782733917236328
12.450753211975098
2.5287344455718994
9.086447715759277
6.183068752288818
5.9767656326293945
8.747091293334961
12.421162605285645
2.4262945652008057
9.009479522705078
6.133899211883545
5.823476791381836
8.712042808532715
12.392065048217773
2.325562000274658
8.933794021606445
6.085549354553223
5.67274284362793
8.67757797241211
12.363452911376953
2.226508378982544
8.859370231628418
6.038005352020264
5.5245208740234375
8.643688201904297
12.335317611694336
2.129105567932129
8.786187171936035
5.991253852844238
5.378769397735596
8.610363006591797
12.30765151977539
2.0333261489868164
8.714223861694336
5.945281505584717
5.235446929931641
8.577592849731445
12.28044605255127
1.9391430616378784
8.64345932006836
5.9000749588012695
5.094513416290283
8.545369148254395
12.253694534301758
1.8465297222137451
8.573874473571777
5.855622291564941
4.955928802490234
8.51368236541748
12.227388381958008
1.7554599046707153
8.505449295043945
5.811910152435303
4.8196539878845215
8.482523918151855
12.201520919799805
1.665907859802246
8.438164710998535
5.768926620483398
4.68565034866333
8.451884269714355
12.176084518432617
1.5778484344482422
8.372001647949219
5.726659297943115
4.553880214691162
8.42175579071045
12.15107250213623
1.491256594657898
8.306941032409668
5.685096740722656
4.4243059158325195
8.392128944396973
12.126477241516113
1.406108021736145
8.242964744567871
5.644227027893066
4.296891212463379
8.362996101379395
12.102291107177734
1.3223785161972046
8.180054664611816
5.604038238525391
4.171600341796875
8.334348678588867
12.078508377075195
1.2400444746017456
8.118193626403809
5.56451940536499
4.048397541046143
8.30617904663086
12.055122375488281
1.1590826511383057
8.057363510131836
5.525659084320068
3.927248001098633
8.278478622436523
12.032125473022461
1.0794702768325806
7.997546672821045
5.487446308135986
3.808117628097534
8.251239776611328
12.009511947631836
1.0011847019195557
7.938726902008057
5.449870586395264
3.6909728050231934
8.224454879760742
11.987276077270508
1.0396751165390015
7.900280952453613
5.412920951843262
3.5757803916931152
8.19811725616455
11.965410232543945
1.077523946762085
7.862475872039795
5.376587390899658
3.462507963180542
8.172218322753906
11.94390869140625
1.1147420406341553
7.825300693511963
5.340859413146973
3.351123332977295
8.146750450134277
11.922765731811523
1.1513397693634033
7.788745403289795
5.305727005004883
3.2415950298309326
8.121707916259766
11.901975631713867
1.1873276233673096
7.752799034118652
5.271179676055908
3.133892297744751
8.097082138061523
11.881531715393066
1.2227156162261963
7.717452049255371
5.237208366394043
3.027984619140625
8.072867393493652
11.861428260803223
1.2575137615203857
7.682693958282471
5.203803062438965
2.923841953277588
8.049056053161621
11.841660499572754
1.2917319536209106
7.648515224456787
5.170954704284668
2.82143497467041
8.025641441345215
11.822221755981445
1.3253798484802246
7.614906311035156
5.138653755187988
2.7207348346710205
8.002616882324219
11.803107261657715
1.3584669828414917
7.581857681274414
5.10689115524292
2.6217129230499268
7.979976177215576
11.784311294555664
1.3910026550292969
7.5493597984313965
5.075657844543457
2.524341583251953
7.957712650299072
11.765828132629395
1.4229960441589355
7.517403602600098
5.044945240020752
2.4285929203033447
7.93582010269165
11.747653007507324
1.4544562101364136
7.485980033874512
5.014744281768799
2.334440231323242
7.914292812347412
11.729781150817871
1.4853920936584473
7.455080032348633
4.985046863555908
2.241856575012207
7.893124103546143
11.712206840515137
1.5158123970031738
7.424695014953613
4.955844402313232
2.150815963745117
7.872308254241943
11.694925308227539
1.545725703239441
7.3948163986206055
4.927128791809082
2.061292886734009
7.851839065551758
11.677931785583496
1.575140357017517
7.365435600280762
4.898891448974609
1.973261833190918
7.831711292266846
11.661221504211426
1.6040648221969604
7.336544513702393
4.871124744415283
1.8866978883743286
7.81191873550415
11.644789695739746
1.6325072050094604
7.308135032653809
4.843821048736572
1.8015767335891724
7.792456150054932
11.628632545471191
1.6604756116867065
7.28019905090332
4.816972255706787
1.7178741693496704
7.773317813873291
11.612744331359863
1.6879777908325195
7.252728462219238
4.790571212768555
1.6355667114257812
7.754498481750488
11.597121238708496
1.7150216102600098
7.2257161140441895
4.7646098136901855
1.554630994796753
7.735992908477783
11.581758499145508
1.7416146993637085
7.199153900146484
4.739081382751465
1.4750442504882812
7.7177958488464355
11.566651344299316
1.7677645683288574
7.173034191131592
4.713978290557861
1.3967839479446411
7.699902057647705
11.551795959472656
1.7934786081314087
7.147349834442139
4.68929386138916
1.3198280334472656
7.682306289672852
11.537188529968262
1.818764090538025
7.122093677520752
4.66502046585083
1.244154691696167
7.665003776550293
11.52282428741455
1.843628168106079
7.097258567810059
4.6411519050598145
1.1697425842285156
7.647989749908447
11.508699417114258
1.8680778741836548
7.0728373527526855
4.61768102645874
1.096570611000061
7.631259441375732
11.494810104370117
1.8921200037002563
7.04882287979126
4.594601154327393
1.024618148803711
7.614808082580566
11.481152534484863
1.9157614707946777
7.025208950042725
4.576319217681885
1.0255284309387207
7.598630905151367
11.467721939086914
1.9390089511871338
7.001988410949707
4.561466217041016
1.0603153705596924
7.582723140716553
11.45451545715332
1.9618690013885498
6.97915506362915
4.546861171722412
1.0945225954055786
7.567080497741699
11.441529273986816
1.984347939491272
6.95670223236084
4.532499313354492
1.1281596422195435
7.551698684692383
11.428759574890137
2.0064523220062256
6.9346232414245605
4.51837682723999
1.1612361669540405
7.53657341003418
11.416202545166016
2.0281882286071777
6.912912368774414
4.504489898681641
1.1937613487243652
7.521699905395508
11.403854370117188
2.0495619773864746
6.891563415527344
4.4908342361450195
1.2257444858551025
7.507074356079102
11.391712188720703
2.0705795288085938
6.870570182800293
4.477406024932861
1.2571945190429688
7.492692470550537
11.379772186279297
2.0912466049194336
6.849926948547363
4.464201927185059
1.2881203889846802
7.478550434112549
11.36803150177002
2.111569404602051
6.829627990722656
4.4512176513671875
1.3185309171676636
7.464643955230713
11.356486320495605
2.1315534114837646
6.809667110443115
4.438449859619141
1.348434567451477
7.450969219207764
11.345133781433105
2.1512043476104736
6.7900390625
4.425894737243652
1.3778398036956787
7.4375224113464355
11.333970069885254
2.170527696609497
6.770738124847412
4.413548946380615
1.406754970550537
7.424299716949463
11.322992324829102
2.1895289421081543
6.751758575439453
4.401409149169922
1.4351881742477417
7.41129732131958
11.3121976852417
2.2082135677337646
6.733095645904541
4.389471530914307
1.463147521018982
7.39851188659668
11.301583290100098
2.2265868186950684
6.714743614196777
4.377732753753662
1.4906408786773682
7.385939598083496
11.291145324707031
2.2446539402008057
6.69669771194458
4.366189479827881
1.5176759958267212
7.373576641082764
11.280881881713867
2.2624199390411377
6.678952217102051
4.354838848114014
1.5442605018615723
7.361419677734375
11.27078914642334
2.2798898220062256
6.661502838134766
4.343677520751953
1.5704020261764526
7.349465370178223
11.260865211486816
2.2970685958862305
6.644343852996826
4.332702159881592
1.596107840538025
7.337710380554199
11.251106262207031
2.3139610290527344
6.627470970153809
4.321909427642822
1.6213852167129517
7.326151371002197
11.241510391235352
2.3305718898773193
6.610879421234131
4.3112969398498535
1.646241307258606
7.314785003662109
11.232073783874512
2.3469059467315674
6.594564437866211
4.300861358642578
1.6706831455230713
7.303607940673828
11.222794532775879
2.3629677295684814
6.578521251678467
4.290599346160889
1.694717526435852
7.292617321014404
11.213669776916504
2.3787617683410645
6.562745571136475
4.280508518218994
1.7183513641357422
7.2818098068237305
11.204697608947754
2.3942925930023193
6.547232627868652
4.270586013793945
1.7415913343429565
7.271182537078857
11.19587516784668
2.40956449508667
6.531978130340576
4.260828971862793
1.7644439935684204
7.260732173919678
11.187199592590332
2.424582004547119
6.5169782638549805
4.251234531402588
1.7869157791137695
7.2504563331604
11.178668022155762
2.4393491744995117
6.502228260040283
4.241799831390381
1.80901300907135
7.240351676940918
11.170279502868652
2.4538702964782715
6.4877238273620605
4.232522487640381
1.8307420015335083
7.230415344238281
11.162030220031738
2.468149185180664
6.473461151123047
4.223399639129639
1.8521088361740112
7.220644474029541
11.153918266296387
2.4821901321411133
6.459436416625977
4.214428901672363
1.8731194734573364
7.211036682128906
11.145941734313965
2.495997190475464
6.445645332336426
4.2056074142456055
1.893779993057251
7.201589107513428
11.138097763061523
2.5095741748809814
6.432084083557129
4.196933269500732
1.9140961170196533
7.192298889160156
11.130385398864746
2.5229246616363525
6.41874885559082
4.188403606414795
1.9340736865997314
7.183163166046143
11.122800827026367
2.536052703857422
6.405635833740234
4.180016040802002
1.9537183046340942
7.174180030822754
11.11534309387207
2.548961877822876
6.392741680145264
4.1717681884765625
1.973035454750061
7.165346622467041
11.108009338378906
2.5616559982299805
6.380062103271484
4.1636576652526855
1.9920307397842407
7.156660556793213
11.100797653198242
2.574138641357422
6.367593765258789
4.155682563781738
2.010709285736084
7.14811897277832
11.093706130981445
2.5864131450653076
6.35533332824707
4.14784049987793
2.02907657623291
7.1397199630737305
11.086732864379883
2.598483085632324
6.343277454376221
4.140129089355469
2.04713773727417
7.131460666656494
11.079875946044922
2.610351800918579
6.331422328948975
4.1325459480285645
2.0648980140686035
7.1233391761779785
11.07313346862793
2.622022867202759
6.319765090942383
4.125089168548584
2.082362174987793
7.115353107452393
11.066503524780273
2.6334993839263916
6.30830192565918
4.1177568435668945
2.0995352268218994
7.107500076293945
11.05998420715332
2.644784450531006
6.297029972076416
4.110546588897705
2.116422176361084
7.099777698516846
11.053573608398438
2.655881643295288
6.285945892333984
4.103456497192383
2.1330275535583496
7.092184066772461
11.047269821166992
2.6667938232421875
6.275046348571777
4.096484661102295
2.1493563652038574
7.084717273712158
11.041070938110352
2.6775240898132324
6.264328479766846
4.089629173278809
2.1654129028320312
7.0773749351501465
11.034975051879883
2.688075542449951
6.25378942489624
4.082887649536133
2.181201934814453
7.070154666900635
11.02898120880127
2.698451042175293
6.2434258460998535
4.076258659362793
2.196727752685547
7.063055038452148
11.023087501525879
2.708653688430786
6.233234882354736
4.069740295410156
2.2119948863983154
7.0560736656188965
11.017292022705078
2.71868634223938
6.2232136726379395
4.06333065032959
2.2270073890686035
7.049208641052246
11.011592864990234
2.7285516262054443
6.213359832763672
4.057027816772461
2.241769790649414
7.0424580574035645
11.005988121032715
2.738252639770508
6.203670024871826
4.050829887390137
2.256286144256592
7.035820007324219
11.000476837158203
2.7477920055389404
6.194141864776611
4.044735431671143
2.2705605030059814
7.029292583465576
10.995058059692383
2.7571723461151123
6.184772491455078
4.038742542266846
2.2845969200134277
7.022873878479004
10.989728927612305
2.7663962841033936
6.175559043884277
4.032849311828613
2.2983994483947754
7.016561985015869
10.984489440917969
2.7754664421081543
6.166499137878418
4.027054309844971
2.31197190284729
7.010355472564697
10.979336738586426
2.7843854427337646
6.157590389251709
4.021356105804443
2.3253180980682373
7.0042524337768555
10.97426986694336
2.7931559085845947
6.148829936981201
4.015752792358398
2.338441848754883
6.998250961303711
10.969287872314453
2.8017802238464355
6.140215873718262
4.010242938995361
2.351346969604492
6.992349624633789
10.964388847351074
2.810260772705078
6.131745338439941
4.004824638366699
2.364037036895752
6.986546516418457
10.95957088470459
2.8185999393463135
6.123415946960449
3.9994966983795166
2.3765156269073486
6.98084020614624
10.954833984375
2.8268001079559326
6.115225315093994
3.994257688522339
2.3887860774993896
6.975228786468506
10.950175285339355
2.8348636627197266
6.107171058654785
3.9891059398651123
2.4008522033691406
6.9697113037109375
10.945594787597656
2.8427927494049072
6.0992512702941895
3.9840400218963623
2.41271710395813
6.964285373687744
10.94109058380127
2.8505897521972656
6.091463565826416
3.9790585041046143
2.424384355545044
6.958950042724609
10.936661720275879
2.8582568168640137
6.083805561065674
3.9741599559783936
2.435857057571411
6.953703880310059
10.932306289672852
2.8657960891723633
6.076274871826172
3.9693431854248047
2.447138547897339
6.948544979095459
10.928023338317871
2.8732097148895264
6.0688700675964355
3.964606761932373
2.4582321643829346
6.943471908569336
10.923811912536621
2.880499839782715
6.061588287353516
3.959949254989624
2.4691407680511475
6.938483715057373
10.919671058654785
2.8876683712005615
6.0544281005859375
3.955369234085083
2.479867696762085
6.9335784912109375
10.91559886932373
2.8947174549102783
6.04738712310791
3.9508655071258545
2.4904158115386963
6.928754806518555
10.91159439086914
2.901648998260498
6.040463447570801
3.946436882019043
2.5007879734039307
6.924011707305908
10.9076566696167
2.9084649085998535
6.033655166625977
3.942082166671753
2.5109872817993164
6.919347763061523
10.90378475189209
2.9151673316955566
6.026960372924805
3.9377999305725098
2.5210165977478027
6.914761543273926
10.899977684020996
2.921757936477661
6.020377159118652
3.933589220046997
2.530878782272339
6.910251617431641
10.896233558654785
2.928238868713379
6.013903617858887
3.9294486045837402
2.540576696395874
6.905817031860352
10.89255142211914
2.9346117973327637
6.007538318634033
3.9253768920898438
2.5501129627227783
6.901456356048584
10.888931274414062
2.940878391265869
6.001278877258301
3.921373128890991
2.559490203857422
6.897168159484863
10.885371208190918
2.947040557861328
5.995123863220215
3.917436122894287
2.568711280822754
6.892951488494873
10.88187026977539
2.9530999660491943
5.989071369171143
3.913564682006836
2.5777785778045654
6.888804912567139
10.878427505493164
2.9590585231781006
5.983119964599609
3.9097578525543213
2.5866947174072266
6.884727478027344
10.875042915344238
2.9649176597595215
5.977267742156982
3.9060144424438477
2.5954623222351074
6.880718231201172
10.87171459197998
2.97067928314209
5.971512794494629
3.9023334980010986
2.604083776473999
6.876775741577148
10.868441581726074
2.9763448238372803
5.965853691101074
3.8987138271331787
2.6125614643096924
6.872899055480957
10.865222930908203
2.9819159507751465
5.960289001464844
3.8951544761657715
2.6208980083465576
6.869086742401123
10.86205768585205
2.987394094467163
5.954817295074463
3.8916544914245605
2.6290955543518066
6.865338325500488
10.858945846557617
2.992780923843384
5.949436664581299
3.8882126808166504
2.6371564865112305
6.861652374267578
10.85588550567627
2.9980781078338623
5.944145679473877
3.8848283290863037
2.645082950592041
6.858027458190918
10.852876663208008
3.0032870769500732
5.938942909240723
3.881500482559204
2.6528773307800293
6.85446310043335
10.8499174118042
3.008409023284912
5.933826923370361
3.878227949142456
2.6605417728424072
6.850958347320557
10.847007751464844
3.0134456157684326
5.928796291351318
3.8750100135803223
2.668078660964966
6.8475117683410645
10.844146728515625
3.0183982849121094
5.923849105834961
3.8718457221984863
2.675489902496338
6.844122886657715
10.841333389282227
3.023268461227417
5.918984413146973
3.868734121322632
2.6827776432037354
6.840790271759033
10.838566780090332
3.02805757522583
5.914200782775879
3.8656744956970215
2.689943790435791
6.837513446807861
10.835845947265625
3.032766819000244
5.909496784210205
3.862665891647339
2.696990489959717
6.834290981292725
10.833170890808105
3.037397623062134
5.904871463775635
3.8597073554992676
2.7039198875427246
6.831122398376465
10.830540657043457
3.0419511795043945
5.900323390960693
3.8567981719970703
2.710733652114868
6.828006744384766
10.827954292297363
3.046428918838501
5.895851135253906
3.8539373874664307
2.7174339294433594
6.824942588806152
10.825410842895508
3.0508320331573486
5.891453266143799
3.8511242866516113
2.724022626876831
6.821929931640625
10.822909355163574
3.055161714553833
5.887128829956055
3.848358154296875
2.730501413345337
6.818967342376709
10.820449829101562
3.0594191551208496
5.882876396179199
3.8456380367279053
2.7368721961975098
6.816053867340088
10.818031311035156
3.063605785369873
5.878694534301758
3.842963218688965
2.7431368827819824
6.8131890296936035
10.815652847290039
3.0677225589752197
5.874582767486572
3.8403329849243164
2.7492971420288086
6.8103718757629395
10.813314437866211
3.071770668029785
5.87053918838501
3.8377466201782227
2.755354642868042
6.8076019287109375
10.811015129089355
3.075751304626465
5.866563320159912
3.8352034091949463
2.7613112926483154
6.804878234863281
10.808753967285156
3.0796656608581543
5.862653732299805
3.83270263671875
2.7671685218811035
6.802199840545654
10.806529998779297
3.08351469039917
5.858808994293213
3.8302433490753174
2.772928237915039
6.79956579208374
10.804343223571777
3.0872995853424072
5.8550286293029785
3.8278250694274902
2.7785918712615967
6.796975612640381
10.802192687988281
3.0910215377807617
5.851311206817627
3.8254470825195312
2.78416109085083
6.794428825378418
10.800078392028809
3.0946812629699707
5.847655773162842
3.8231089115142822
2.789637565612793
6.791924476623535
10.797999382019043
3.098280191421509
5.844060897827148
3.8208096027374268
2.79502272605896
6.789462089538574
10.795954704284668
3.1018190383911133
5.840526103973389
3.8185486793518066
2.8003182411193848
6.787040710449219
10.793944358825684
3.1052989959716797
5.837050437927246
3.8163254261016846
2.805525541305542
6.784659385681152
10.791967391967773
3.1087207794189453
5.833632469177246
3.8141391277313232
2.8106460571289062
6.782318115234375
10.790023803710938
3.1120855808258057
5.8302717208862305
3.8119893074035645
2.815681219100952
6.780015468597412
10.78811264038086
3.115394353866577
5.826966762542725
3.809875249862671
2.8206324577331543
6.777751445770264
10.786232948303223
3.118648052215576
5.82371711730957
3.8077964782714844
2.8255012035369873
6.775525093078613
10.784384727478027
3.12184739112854
5.820521354675293
3.8057522773742676
2.8302886486053467
6.773335933685303
10.782567024230957
3.1249935626983643
5.817378997802734
3.8037421703338623
2.834996461868286
6.771183013916016
10.780779838562012
3.128087282180786
5.814289093017578
3.8017656803131104
2.839625597000122
6.769066333770752
10.779022216796875
3.131129264831543
5.811250686645508
3.7998220920562744
2.844177722930908
6.766984939575195
10.777294158935547
3.1341207027435303
5.808262825012207
3.7979109287261963
2.84865403175354
6.764937877655029
10.775594711303711
3.1370623111724854
5.805324554443359
3.7960317134857178
2.853055715560913
6.762925148010254
10.773923873901367
3.1399548053741455
5.802435398101807
3.7941837310791016
2.857383966445923
6.760945796966553
10.7722806930542
3.142799139022827
5.799594402313232
3.7923665046691895
2.861639976501465
6.758999347686768
10.770665168762207
3.1455960273742676
5.79680061340332
3.7905795574188232
2.8658251762390137
6.75708532333374
10.769076347351074
3.148346185684204
5.794053554534912
3.7888224124908447
2.8699405193328857
6.7552032470703125
10.7675142288208
3.151050567626953
5.791352272033691
3.7870945930480957
2.8739874362945557
6.753352642059326
10.76597785949707
3.153709888458252
5.788695812225342
3.785395622253418
2.87796688079834
6.751533031463623
10.764467239379883
3.156324863433838
5.786083698272705
3.783724784851074
2.881880044937134
6.749743461608887
10.762981414794922
3.1588962078094482
5.783515453338623
3.7820818424224854
2.885727882385254
6.747983932495117
10.761520385742188
3.1614248752593994
5.780989646911621
3.780466318130493
2.8895115852355957
6.746253490447998
10.76008415222168
3.1639113426208496
5.778506278991699
3.7788777351379395
2.8932323455810547
6.744552135467529
10.758671760559082
3.166356325149536
5.776063919067383
3.777315616607666
2.896890878677368
6.7428789138793945
10.757283210754395
3.1687605381011963
5.773662567138672
3.7757794857025146
2.9004886150360107
6.741233825683594
10.7559175491333
3.1711246967315674
5.77130126953125
3.7742691040039062
2.9040262699127197
6.7396159172058105
10.7545747756958
3.1734495162963867
5.768979072570801
3.7727837562561035
2.9075050354003906
6.738025188446045
10.753253936767578
3.1757354736328125
5.766695499420166
3.7713232040405273
2.91092586517334
6.7364606857299805
10.751955032348633
3.177983283996582
5.7644500732421875
3.7698869705200195
2.914289712905884
6.734922409057617
10.750678062438965
3.1801936626434326
5.762242317199707
3.768474817276001
2.9175972938537598
6.733409881591797
10.749422073364258
3.1823673248291016
5.760071277618408
3.7670860290527344
2.9208498001098633
6.731922626495361
10.748187065124512
3.184504747390747
5.757936477661133
3.7657203674316406
2.9240481853485107
6.730460166931152
10.746973037719727
3.1866064071655273
5.7558369636535645
3.7643775939941406
2.9271931648254395
6.729022026062012
10.745779037475586
3.188673257827759
5.753772735595703
3.763057231903076
2.930285692214966
6.727607727050781
10.74460506439209
3.1907055377960205
5.751742839813232
3.761758804321289
2.9333267211914062
6.726217269897461
10.743450164794922
3.19270396232605
5.749746799468994
3.7604820728302
2.936317205429077
6.724849700927734
10.742315292358398
3.194669008255005
5.74778413772583
3.7592265605926514
2.939257860183716
6.723505020141602
10.741198539733887
3.196601390838623
5.745853900909424
3.7579920291900635
2.9421494007110596
6.722182750701904
10.740100860595703
3.1985015869140625
5.743956089019775
3.7567780017852783
2.944992780685425
6.720882415771484
10.739021301269531
3.2003700733184814
5.742089748382568
3.755584239959717
2.947788715362549
6.719604015350342
10.737959861755371
3.202207326889038
5.7402544021606445
3.7544102668762207
2.950538158416748
6.71834659576416
10.736916542053223
3.2040140628814697
5.738449573516846
3.753255844116211
2.9532415866851807
6.7171101570129395
10.73589038848877
3.2057907581329346
5.736674785614014
3.7521207332611084
2.955900192260742
6.71589469909668
10.734881401062012
3.2075376510620117
5.734930038452148
3.751004457473755
2.958514451980591
6.7146992683410645
10.733888626098633
3.2092554569244385
5.733214378356934
3.7499070167541504
2.961085081100464
6.713523864746094
10.73291301727295
3.210944652557373
5.731526851654053
3.7488276958465576
2.9636127948760986
6.712368011474609
10.731953620910645
3.2126057147979736
5.729867458343506
3.7477664947509766
2.9660985469818115
6.711231231689453
10.731010437011719
3.2142391204833984
5.728235721588135
3.746722936630249
2.9685428142547607
6.710113525390625
10.730082511901855
3.2158453464508057
5.726631164550781
3.745696783065796
2.9709463119506836
6.709014415740967
10.729169845581055
3.2174248695373535
5.725053787231445
3.744687795639038
2.9733097553253174
6.70793342590332
10.728272438049316
3.218977928161621
5.7235026359558105
3.7436954975128174
2.9756338596343994
6.7068705558776855
10.72739028930664
3.2205052375793457
5.721977233886719
3.7427196502685547
2.977919101715088
6.705825328826904
10.726522445678711
3.2220070362091064
5.720477104187012
3.74176025390625
2.98016619682312
6.704797744750977
10.725668907165527
3.2234838008880615
5.7190022468566895
3.740816831588745
2.9823758602142334
6.703787326812744
10.72482967376709
3.224936008453369
5.7175517082214355
3.739889144897461
2.984548807144165
6.702793598175049
10.724004745483398
3.2263638973236084
5.71612548828125
3.7389769554138184
2.9866855144500732
6.701816558837891
10.723193168640137
3.2277679443359375
5.714723110198975
3.738079786300659
2.9887866973876953
6.700855731964111
10.722395896911621
3.2291486263275146
5.713344097137451
3.7371976375579834
2.9908528327941895
6.699911117553711
10.721611976623535
3.230506420135498
5.7119879722595215
3.736330270767212
2.992884397506714
6.698982238769531
10.720840454101562
3.231841564178467
5.710654258728027
3.7354772090911865
2.994882106781006
6.698068618774414
10.72008228302002
3.233154296875
5.709342956542969
3.7346384525299072
2.9968466758728027
6.697170257568359
10.71933650970459
3.234445333480835
5.7080535888671875
3.733813762664795
2.9987783432006836
6.696286678314209
10.718603134155273
3.2357146739959717
5.706785678863525
3.7330026626586914
3.0006778240203857
6.695417881011963
10.71788215637207
3.2369630336761475
5.705538749694824
3.7322051525115967
3.0025455951690674
6.694563865661621
10.717172622680664
3.2381904125213623
5.704312801361084
3.7314209938049316
3.004382371902466
6.693724155426025
10.716475486755371
3.2393975257873535
5.7031073570251465
3.730649948120117
3.0061886310577393
6.692898273468018
10.715789794921875
3.240584373474121
5.7019219398498535
3.729891538619995
3.007964611053467
6.692086219787598
10.715115547180176
3.2417514324188232
5.700756072998047
3.7291457653045654
3.0097110271453857
6.691287517547607
10.714452743530273
3.242899179458618
5.699609756469727
3.728412628173828
3.0114283561706543
6.690502166748047
10.713800430297852
3.244027614593506
5.698482513427734
3.727691650390625
3.0131170749664307
6.689730167388916
10.713159561157227
3.2451374530792236
5.697373867034912
3.726982593536377
3.014777660369873
6.688971042633057
10.712529182434082
3.2462286949157715
5.69628381729126
3.726285457611084
3.0164105892181396
6.6882243156433105
10.711909294128418
3.2473018169403076
5.695211887359619
3.725600004196167
3.0180163383483887
6.687489986419678
10.711299896240234
3.248357057571411
5.69415807723999
3.7249257564544678
3.019595146179199
6.686768054962158
10.710700035095215
3.249394655227661
5.693121910095215
3.7242629528045654
3.0211477279663086
6.686058044433594
10.710110664367676
3.2504148483276367
5.692102909088135
3.7236111164093018
3.022674560546875
6.685359954833984
10.7095308303833
3.251418113708496
5.691100597381592
3.7229700088500977
3.0241758823394775
6.684673309326172
10.70896053314209
3.2524046897888184
5.690114974975586
3.722339630126953
3.0256521701812744
6.683998107910156
10.708399772644043
3.2533748149871826
5.689146041870117
3.721719741821289
3.027103900909424
6.6833343505859375
10.70784854888916
3.254328727722168
5.688193321228027
3.7211103439331055
3.028531312942505
6.682681560516357
10.707306861877441
3.2552666664123535
5.687256336212158
3.720510959625244
3.029934883117676
6.682039737701416
10.70677375793457
3.2561891078948975
5.68633508682251
3.719921588897705
3.0313150882720947
6.681408405303955
10.706250190734863
3.2570960521698
5.685429096221924
3.719341993331909
3.03267240524292
6.680787563323975
10.705735206604004
3.2579879760742188
5.6845383644104
3.7187721729278564
3.0340070724487305
6.680177211761475
10.705228805541992
3.2588651180267334
5.683662414550781
3.7182118892669678
3.0353195667266846
6.679576873779297
10.704730987548828
3.2597274780273438
5.682800769805908
3.717660903930664
3.0366101264953613
6.678986549377441
10.704240798950195
3.260575532913208
5.6819539070129395
3.717118978500366
3.037879228591919
6.678406238555908
10.70375919342041
3.2614095211029053
5.681120872497559
3.716586112976074
3.0391271114349365
6.677835464477539
10.703285217285156
3.2622294425964355
5.680301666259766
3.716062307357788
3.0403542518615723
6.677274227142334
10.70281982421875
3.263035774230957
5.6794962882995605
3.7155470848083496
3.0415608882904053
6.676722526550293
10.702362060546875
3.263828754425049
5.678704261779785
3.715040445327759
3.0427474975585938
6.676179885864258
10.701911926269531
3.264608383178711
5.6779255867004395
3.7145423889160156
3.043914318084717
6.6756463050842285
10.701469421386719
3.2653751373291016
5.677159786224365
3.714052438735962
3.0450615882873535
6.675121784210205
10.701033592224121
3.2661290168762207
5.6764068603515625
3.7135708332061768
3.046189785003662
6.674605846405029
10.700605392456055
3.2668704986572266
5.675666332244873
3.713097095489502
3.0472991466522217
6.674098491668701
10.700183868408203
3.267599582672119
5.674938201904297
3.7126312255859375
3.0483899116516113
6.673599720001221
10.699769973754883
3.2683165073394775
5.674221992492676
3.7121732234954834
3.0494625568389893
6.67310905456543
10.699362754821777
3.269021511077881
5.67351770401001
3.7117228507995605
3.0505173206329346
6.672626495361328
10.698962211608887
3.269714593887329
5.672825336456299
3.71127986907959
3.0515544414520264
6.672152042388916
10.698568344116211
3.2703962326049805
5.672144412994385
3.7108442783355713
3.052574396133423
6.671685695648193
10.69818115234375
3.271066427230835
5.671474933624268
3.710416078567505
3.053577423095703
6.671226978302002
10.697800636291504
3.2717254161834717
5.670816421508789
3.7099950313568115
3.0545637607574463
6.670775890350342
10.697425842285156
3.2723734378814697
5.670168876647949
3.709580898284912
3.0555336475372314
6.670332431793213
10.697057723999023
3.273010730743408
5.669532299041748
3.7091736793518066
3.0564873218536377
6.669896125793457
10.696695327758789
3.273637294769287
5.668906211853027
3.708773374557495
3.057425022125244
6.669467449188232
10.69633960723877
3.2742536067962646
5.668290615081787
3.7083797454833984
3.058347225189209
6.669045925140381
10.695989608764648
3.274859666824341
5.667685508728027
3.7079925537109375
3.0592539310455322
6.668631076812744
10.695645332336426
3.2754554748535156
5.66709041595459
3.7076117992401123
3.060145616531372
6.6682233810424805
10.695306777954102
3.2760415077209473
5.666505336761475
3.707237482070923
3.0610222816467285
6.667822360992432
10.694973945617676
3.2766177654266357
5.665929794311523
3.70686936378479
3.0618844032287598
6.667428016662598
10.694646835327148
3.277184247970581
5.665363788604736
3.706507444381714
3.062732219696045
6.6670403480529785
10.69432544708252
3.2777414321899414
5.664807319641113
3.7061514854431152
3.063565969467163
6.666659355163574
10.694008827209473
3.278289318084717
5.664259910583496
3.705801486968994
3.0643856525421143
6.666284561157227
10.693697929382324
3.2788279056549072
5.663722038269043
3.7054572105407715
3.0651917457580566
6.6659159660339355
10.693391799926758
3.279357671737671
5.6631927490234375
3.7051186561584473
3.0659844875335693
6.665553569793701
10.693090438842773
3.279878616333008
5.662672519683838
3.7047858238220215
3.0667638778686523
6.665197372436523
10.692794799804688
3.280390739440918
5.662160873413086
3.704458475112915
3.067530393600464
6.664846897125244
10.692503929138184
3.2808945178985596
5.661657810211182
3.704136610031128
3.068284034729004
6.664502143859863
10.692217826843262
3.2813897132873535
5.661163330078125
3.70382022857666
3.0690252780914307
6.664163112640381
10.691936492919922
3.281876802444458
5.660676956176758
3.7035090923309326
3.069754123687744
6.663829803466797
10.691659927368164
3.282355785369873
5.66019868850708
3.7032032012939453
3.0704708099365234
6.663502216339111
10.691388130187988
3.2828266620635986
5.659728527069092
3.702902317047119
3.0711755752563477
6.663179874420166
10.691120147705078
3.283289670944214
5.659265995025635
3.702606439590454
3.071868419647217
6.662862777709961
10.69085693359375
3.283745050430298
5.658811092376709
3.70231556892395
3.072549819946289
6.662551403045654
10.690598487854004
3.2841928005218506
5.6583638191223145
3.7020294666290283
3.0732197761535645
6.66224479675293
10.690343856811523
3.284633159637451
5.657924175262451
3.7017481327056885
3.073878526687622
6.661943435668945
10.690093994140625
3.2850661277770996
5.657491683959961
3.7014715671539307
3.074526309967041
6.661647319793701
10.689847946166992
3.285491943359375
5.657066345214844
3.701199531555176
3.0751633644104004
6.661355972290039
10.689605712890625
3.2859106063842773
5.6566481590271
3.700932025909424
3.0757899284362793
6.661069393157959
10.68936824798584
3.2863223552703857
5.6562371253967285
3.700669050216675
3.0764060020446777
6.660787582397461
10.68913459777832
3.2867271900177
5.655832767486572
3.7004103660583496
3.077011823654175
6.660510540008545
10.688904762268066
3.2871253490448
5.655435085296631
3.7001559734344482
3.0776073932647705
6.660238265991211
10.688678741455078
3.2875168323516846
5.655044078826904
3.6999058723449707
3.078193187713623
6.659970283508301
10.688456535339355
3.2879016399383545
5.654659748077393
3.699660062789917
3.0787692070007324
6.659707069396973
10.688238143920898
3.2882802486419678
5.6542816162109375
3.699418306350708
3.0793356895446777
6.659448146820068
10.688023567199707
3.2886524200439453
5.653909683227539
3.6991806030273438
3.079892635345459
6.659193515777588
10.687811851501465
3.289018392562866
5.653543949127197
3.698946714401245
3.0804402828216553
6.658943176269531
10.687603950500488
3.2893781661987305
5.653184413909912
3.698716878890991
3.0809788703918457
6.658697128295898
10.687399864196777
3.289731979370117
5.652831077575684
3.698490858078003
3.0815083980560303
6.658454895019531
10.687198638916016
3.2900800704956055
5.6524834632873535
3.698268413543701
3.082029104232788
6.658216953277588
10.68700122833252
3.290422201156616
5.652141571044922
3.698049783706665
3.0825412273406982
6.65798282623291
10.686806678771973
3.2907586097717285
5.651805400848389
3.6978347301483154
3.0830447673797607
6.657752513885498
10.686615943908691
3.2910895347595215
5.651474952697754
3.6976232528686523
3.0835399627685547
6.657526016235352
10.68642807006836
3.291414976119995
5.651149749755859
3.697415351867676
3.08402681350708
6.657303333282471
10.686243057250977
3.2917349338531494
5.650830268859863
3.6972110271453857
3.084505558013916
6.6570844650268555
10.686060905456543
3.2920496463775635
5.650516033172607
3.697010040283203
3.0849764347076416
6.656869411468506
10.685882568359375
3.2923591136932373
5.650207042694092
3.696812391281128
3.085439443588257
6.656657695770264
10.685707092285156
3.292663335800171
5.649903297424316
3.69661808013916
3.0858945846557617
6.656449317932129
10.685534477233887
3.2929625511169434
5.649604320526123
3.6964268684387207
3.0863420963287354
6.65624475479126
10.685364723205566
3.2932567596435547
5.64931058883667
3.6962389945983887
3.086782217025757
6.656043529510498
10.685197830200195
3.293545961380005
5.649021625518799
3.696054220199585
3.087214946746826
6.655845642089844
10.685033798217773
3.293830394744873
5.64873743057251
3.6958725452423096
3.0876405239105225
6.655651092529297
10.6848726272583
3.294110059738159
5.648458003997803
3.6956939697265625
3.0880589485168457
6.655459880828857
10.684713363647461
3.2943851947784424
5.648183345794678
3.6955182552337646
3.088470458984375
6.655271530151367
10.68455696105957
3.2946555614471436
5.647912979125977
3.695345401763916
3.0888750553131104
6.655086517333984
10.684403419494629
3.294921398162842
5.647647380828857
3.6951754093170166
3.089272975921631
6.654904365539551
10.684252738952637
3.295182943344116
5.647386074066162
3.6950082778930664
3.0896642208099365
6.654725551605225
10.684103965759277
3.295440196990967
5.647129058837891
3.6948440074920654
3.0900490283966064
6.654549598693848
10.683958053588867
3.2956931591033936
5.646876335144043
3.6946823596954346
3.0904273986816406
6.65437650680542
10.68381404876709
3.2959418296813965
5.646627902984619
3.694523572921753
3.090799570083618
6.654206275939941
10.683672904968262
3.2961864471435547
5.646383762359619
3.6943674087524414
3.091165542602539
6.654038906097412
10.683533668518066
3.296426773071289
5.646143436431885
3.6942138671875
3.0915253162384033
6.653874397277832
10.68339729309082
3.296663284301758
5.645907402038574
3.6940627098083496
3.09187912940979
6.653712749481201
10.683262825012207
3.296895742416382
5.645675182342529
3.6939141750335693
3.092226982116699
6.653553485870361
10.683131217956543
3.2971243858337402
5.64544677734375
3.69376802444458
3.09256911277771
6.653397083282471
10.683001518249512
3.297349214553833
5.645222187042236
3.693624496459961
3.0929055213928223
6.653243064880371
10.682873725891113
3.29757022857666
5.645001411437988
3.693483352661133
3.093236207962036
6.653091907501221
10.682747840881348
3.297787666320801
5.644784450531006
3.6933445930480957
3.0935614109039307
6.652943134307861
10.682624816894531
3.298001289367676
5.644570827484131
3.6932079792022705
3.093881368637085
6.652796745300293
10.682503700256348
3.2982115745544434
5.6443610191345215
3.6930737495422363
3.09419584274292
6.652652740478516
10.682384490966797
3.2984182834625244
5.6441545486450195
3.692941665649414
3.0945050716400146
6.652511119842529
10.682267189025879
3.298621416091919
5.643951416015625
3.6928117275238037
3.0948092937469482
6.652371883392334
10.682151794433594
3.298821210861206
5.643751621246338
3.6926839351654053
3.0951082706451416
6.65223503112793
10.682038307189941
3.2990176677703857
5.643555164337158
3.6925582885742188
3.095402240753174
6.652100563049316
10.681926727294922
3.299211025238037
5.643362045288086
3.692434787750244
3.095691442489624
6.651968479156494
10.681817054748535
3.299401044845581
5.643172264099121
3.6923134326934814
3.095975875854492
6.651838302612305
10.681709289550781
3.2995879650115967
5.642985820770264
3.6921939849853516
3.0962555408477783
6.651710510253906
10.68160343170166
3.299771785736084
5.6428022384643555
3.6920766830444336
3.0965304374694824
6.651584625244141
10.681499481201172
3.299952507019043
5.642621994018555
3.6919612884521484
3.0968008041381836
6.651461124420166
10.681396484375
3.3001301288604736
5.642444610595703
3.691847801208496
3.097066640853882
6.651339530944824
10.681295394897461
3.300304889678955
5.642270088195801
3.6917362213134766
3.097327947616577
6.651219844818115
10.681196212768555
3.3004767894744873
5.642098426818848
3.69162654876709
3.0975849628448486
6.651102066040039
10.681098937988281
3.3006458282470703
5.641929626464844
3.691518545150757
3.0978376865386963
6.650986671447754
10.681002616882324
3.300812005996704
5.641763687133789
3.6914124488830566
3.098086357116699
6.650873184204102
10.680908203125
3.3009753227233887
5.641600608825684
3.69130802154541
3.0983307361602783
6.650761604309082
10.680815696716309
3.301136016845703
5.641440391540527
3.6912055015563965
3.0985710620880127
6.650651931762695
10.680724143981934
3.3012938499450684
5.641282558441162
3.6911046504974365
3.0988073348999023
6.650543689727783
10.680634498596191
3.3014490604400635
5.641127586364746
3.6910054683685303
3.0990397930145264
6.650437355041504
10.680545806884766
3.3016018867492676
5.640974998474121
3.6909079551696777
3.0992684364318848
6.650332927703857
10.680459022521973
3.3017520904541016
5.640824794769287
3.690812110900879
3.0994932651519775
6.6502299308776855
10.680374145507812
3.3018996715545654
5.640677452087402
3.6907176971435547
3.0997142791748047
6.6501288414001465
10.680290222167969
3.3020448684692383
5.640532493591309
3.690624952316284
3.099931478500366
6.65002965927124
10.680207252502441
3.30218768119812
5.640389919281006
3.6905336380004883
3.100145101547241
6.649931907653809
10.680126190185547
3.302328109741211
5.640249729156494
3.690443992614746
3.1003551483154297
6.64983606338501
10.680046081542969
3.3024661540985107
5.640111923217773
3.6903557777404785
3.1005618572235107
6.6497416496276855
10.679967880249023
3.3026018142700195
5.639976501464844
3.6902689933776855
3.1007649898529053
6.649648666381836
10.679890632629395
3.3027353286743164
5.639842987060547
3.690183639526367
3.1009647846221924
6.649557113647461
10.679814338684082
3.3028666973114014
5.639711856842041
3.6900997161865234
3.101161241531372
6.649467468261719
10.679739952087402
3.3029956817626953
5.639583110809326
3.6900172233581543
3.1013543605804443
6.649379253387451
10.679666519165039
3.3031225204467773
5.639456272125244
3.6899361610412598
3.1015443801879883
6.649292469024658
10.679594039916992
3.3032474517822266
5.639331817626953
3.6898562908172607
3.101731061935425
6.64920711517334
10.679523468017578
3.303370237350464
5.639209270477295
3.6897778511047363
3.101914644241333
6.649123191833496
10.67945384979248
3.3034908771514893
5.6390886306762695
3.6897008419036865
3.102095365524292
6.649040699005127
10.6793851852417
3.303609609603882
5.638969898223877
3.6896250247955322
3.1022729873657227
6.648959636688232
10.679317474365234
3.3037264347076416
5.638853549957275
3.6895503997802734
3.102447748184204
6.6488800048828125
10.679250717163086
3.3038411140441895
5.638739109039307
3.68947696685791
3.1026194095611572
6.648801326751709
10.67918586730957
3.3039538860321045
5.638626575469971
3.6894049644470215
3.102788209915161
6.648801326751709
10.67918586730957
3.3040647506713867
5.638515949249268
3.6893341541290283
3.102954387664795
6.648801326751709
10.67918586730957
3.3041739463806152
5.638406753540039
3.6892645359039307
3.1031177043914795
6.648801326751709
10.67918586730957
3.304281234741211
5.638299465179443
3.6891958713531494
3.103278160095215
6.648801326751709
10.67918586730957
3.304386854171753
5.6381940841674805
3.6891283988952637
3.10343599319458
6.648801326751709
10.67918586730957
3.304490566253662
5.63809061050415
3.6890621185302734
3.103591203689575
6.648801326751709
10.67918586730957
3.3045926094055176
5.637988567352295
3.6889970302581787
3.1037437915802
6.648801326751709
10.67918586730957
3.3046929836273193
5.637888431549072
3.6889328956604004
3.103893995285034
6.648801326751709
10.67918586730957
3.3047916889190674
5.637789726257324
3.6888699531555176
3.104041576385498
6.648801326751709
10.67918586730957
3.3048887252807617
5.637692928314209
3.688807964324951
3.104186773300171
6.648801326751709
10.67918586730957
3.3049840927124023
5.637597560882568
3.688746929168701
3.1043295860290527
6.648801326751709
10.67918586730957
3.3050777912139893
5.6375041007995605
3.6886870861053467
3.1044700145721436
6.648801326751709
10.67918586730957
3.3051700592041016
5.637412071228027
3.6886281967163086
3.1046080589294434
6.648801326751709
10.67918586730957
3.30526065826416
5.637321472167969
3.688570261001587
3.104743719100952
6.648801326751709
10.67918586730957
3.305349826812744
5.637232303619385
3.6885132789611816
3.104877233505249
6.648801326751709
10.67918586730957
3.3054375648498535
5.637144565582275
3.6884572505950928
3.105008363723755
6.648801326751709
10.67918586730957
3.3055238723754883
5.637058258056641
3.6884021759033203
3.105137348175049
6.648801326751709
10.67918586730957
3.3056087493896484
5.6369733810424805
3.6883480548858643
3.105264186859131
6.648801326751709
10.67918586730957
3.305692195892334
5.636889934539795
3.6882948875427246
3.105388879776001
6.648801326751709
10.67918586730957
3.305774211883545
5.636807918548584
3.6882424354553223
3.1055116653442383
6.648801326751709
10.67918586730957
3.3058547973632812
5.636727333068848
3.6881909370422363
3.1056323051452637
6.648801326751709
10.67918586730957
3.305934190750122
5.636648178100586
3.688140392303467
3.1057510375976562
6.648801326751709
10.67918586730957
3.3060121536254883
5.636570453643799
3.6880905628204346
3.105867624282837
6.648801326751709
10.67918586730957
3.306088924407959
5.636493682861328
3.6880416870117188
3.1059823036193848
6.648801326751709
10.67918586730957
3.306164264678955
5.636418342590332
3.6879935264587402
3.1060950756073
6.648801326751709
10.67918586730957
3.3062384128570557
5.6363444328308105
3.687946081161499
3.106205940246582
6.648801326751709
10.67918586730957
3.3063113689422607
5.6362714767456055
3.687899589538574
3.1063151359558105
6.648801326751709
10.67918586730957
3.3063831329345703
5.636199951171875
3.6878538131713867
3.1064224243164062
6.648801326751709
10.67918586730957
3.3063831329345703
5.636199951171875
3.6878087520599365
3.106527805328369
6.648801326751709
10.67918586730957
3.3063831329345703
5.636199951171875
3.6877644062042236
3.1066315174102783
6.648801326751709
10.67918586730957
3.3063831329345703
5.636199951171875
3.687720775604248
3.106733560562134
6.648801326751709
10.67918586730957
3.3063831329345703
5.636199951171875
3.6876778602600098
3.1068339347839355
6.648801326751709
10.67918586730957
3.3063831329345703
5.636199951171875
3.687635660171509
3.1069326400756836
6.648801326751709
10.67918586730957
3.3063831329345703
5.636199951171875
3.687594175338745
3.107029676437378
6.648801326751709
10.67918586730957
3.3063831329345703
5.636199951171875
3.6875534057617188
3.1071250438690186
6.648801326751709
10.67918586730957
3.3063831329345703
5.636199951171875
3.6875133514404297
3.1072187423706055
6.648801326751709
10.67918586730957
3.3063831329345703
5.636199951171875
