6.567317962646484
3.377164125442505
6.250332355499268
14.084275245666504
6.326347827911377
11.691593170166016
6.567317962646484
3.377164125442505
7.962808609008789
13.05111312866211
6.326347827911377
11.691593170166016
6.567317962646484
3.377164125442505
8.674166679382324
12.164663314819336
6.326347827911377
11.691593170166016
6.567317962646484
3.377164125442505
8.210676193237305
11.586773872375488
5.961903095245361
11.604595184326172
6.567317962646484
3.377164125442505
8.036980628967285
11.087095260620117
5.321462631225586
11.450469017028809
6.567317962646484
3.377164125442505
7.866180419921875
10.595745086669922
4.6916961669921875
11.298911094665527
6.567317962646484
3.377164125442505
7.6982269287109375
10.112584114074707
4.072425365447998
11.149879455566406
6.567317962646484
3.377164125442505
7.533072471618652
9.637475967407227
3.4634759426116943
11.003332138061523
6.567317962646484
3.377164125442505
7.370670795440674
9.170286178588867
2.864675521850586
10.859227180480957
6.567317962646484
3.377164125442505
7.210975646972656
8.710882186889648
2.275855302810669
10.717523574829102
6.567317962646484
3.377164125442505
7.0539422035217285
8.259135246276855
1.6968486309051514
10.578181266784668
6.567317962646484
3.377164125442505
6.899526119232178
7.81491756439209
1.1274921894073486
10.441162109375
6.567317962646484
3.377164125442505
6.747683525085449
7.378103256225586
1.2186484336853027
10.340825080871582
6.567317962646484
3.377164125442505
6.598371505737305
6.948569297790527
1.4939165115356445
10.252647399902344
6.567317962646484
3.377164125442505
6.451548099517822
6.5261945724487305
1.764596700668335
10.165939331054688
6.567317962646484
3.377164125442505
6.307171821594238
6.110859394073486
2.0307655334472656
10.080676078796387
6.567317962646484
3.377164125442505
6.165201663970947
5.702446460723877
2.2924983501434326
9.996833801269531
6.567317962646484
3.377164125442505
6.02559757232666
5.300840377807617
2.5498688220977783
9.914388656616211
6.5986223220825195
3.118788719177246
5.857016086578369
5.164302825927734
2.802949905395508
9.833317756652832
6.6294050216674805
2.8647193908691406
5.691244125366211
5.030041217803955
3.0518128871917725
9.7535982131958
6.659674644470215
2.614884614944458
5.52823543548584
4.898017406463623
3.2965283393859863
9.675207138061523
6.68943977355957
2.369213819503784
5.367943286895752
4.76819372177124
3.5371651649475098
9.598122596740723
6.718708515167236
2.1276373863220215
5.210322856903076
4.640533924102783
3.7737913131713867
9.522322654724121
6.58285665512085
2.124950885772705
5.055329322814941
4.5150017738342285
4.006473541259766
9.447786331176758
6.449268817901611
2.1223092079162598
4.902918815612793
4.391561508178711
4.235278129577637
9.374491691589355
6.317907333374023
2.1197116374969482
4.753048896789551
4.27017879486084
4.460268974304199
9.30241870880127
6.188735485076904
2.117157459259033
4.605676651000977
4.150819301605225
4.681509971618652
9.231547355651855
6.061716556549072
2.1146457195281982
4.460760593414307
4.033449172973633
4.899063587188721
9.161857604980469
5.936814308166504
2.112175941467285
4.3182597160339355
3.9180350303649902
5.1129913330078125
9.093328475952148
5.81399393081665
2.1097471714019775
4.178133964538574
3.804544448852539
5.3233537673950195
9.025941848754883
5.693220615386963
2.107358932495117
4.040343761444092
3.6929454803466797
5.530210018157959
8.959678649902344
5.574460029602051
2.105010509490967
3.9048497676849365
3.5832064151763916
5.73361873626709
8.894519805908203
5.45767879486084
2.102701187133789
3.7716140747070312
3.4752962589263916
5.9336371421813965
8.83044719696045
5.342844009399414
2.100430488586426
3.640599012374878
3.369184732437134
6.130321979522705
8.767441749572754
5.229923248291016
2.0981974601745605
3.511767625808716
3.2648415565490723
6.323729038238525
8.705486297607422
5.118884563446045
2.096001625061035
3.3850834369659424
3.1622374057769775
6.513912677764893
8.644563674926758
5.0096964836120605
2.0938425064086914
3.2605104446411133
3.0613434314727783
6.700926303863525
8.584656715393066
4.917031288146973
2.065998077392578
3.1233105659484863
2.9878523349761963
6.884823322296143
8.525748252868652
4.825910568237305
2.0386178493499756
2.9883973598480225
2.915585994720459
7.06565523147583
8.46782112121582
4.736308574676514
2.0116939544677734
2.8557326793670654
2.8445241451263428
7.243473052978516
8.410860061645508
4.648199558258057
1.9852186441421509
2.7252790927886963
2.774646759033203
7.418327331542969
8.35484790802002
4.587954521179199
1.952216625213623
2.773418426513672
2.8158481121063232
7.590267658233643
8.299769401550293
4.58753776550293
1.907686471939087
2.7538020610809326
2.8643767833709717
7.759342193603516
8.245609283447266
4.587128162384033
1.863898515701294
2.7345125675201416
2.9120967388153076
7.925598621368408
8.192351341247559
4.586725234985352
1.8208403587341309
2.7155444622039795
2.9590213298797607
8.08908462524414
8.139981269836426
4.586328983306885
1.778499722480774
2.696892499923706
3.0051636695861816
8.249845504760742
8.088483810424805
4.585939407348633
1.7368648052215576
2.678551435470581
3.050537109375
8.407926559448242
8.03784465789795
4.585556507110596
1.6959238052368164
2.6605160236358643
3.095154285430908
8.563373565673828
7.988049507141113
4.585179805755615
1.6556651592254639
2.6427812576293945
3.1390278339385986
8.716229438781738
7.939084053039551
4.584809303283691
1.6160775423049927
2.6253421306610107
3.1821701526641846
8.866538047790527
7.890934944152832
4.584444999694824
1.5771496295928955
2.6081936359405518
3.2245934009552
8.990367889404297
7.844588756561279
4.584086894989014
1.5388705730438232
2.5913310050964355
3.2663097381591797
8.91769790649414
7.813602447509766
4.583734512329102
1.5012295246124268
2.57474946975708
3.30733060836792
8.84623908996582
7.783132553100586
4.583388328552246
1.4642157554626465
2.5584442615509033
3.347667932510376
8.775971412658691
7.753170490264893
4.583047866821289
1.4278188943862915
2.5424106121063232
3.3873329162597656
8.70687484741211
7.723708152770996
4.5827131271362305
1.3920286893844604
2.526644229888916
3.4263367652893066
8.63892936706543
7.694736480712891
4.582383632659912
1.3568350076675415
2.5111405849456787
3.464690685272217
8.57211685180664
7.666247844696045
4.582059860229492
1.3222278356552124
2.4958953857421875
3.5024054050445557
8.506417274475098
7.6382341384887695
4.5817413330078125
1.2881975173950195
2.4809043407440186
3.5394914150238037
8.441813468933105
7.610687255859375
4.581428050994873
1.2547342777252197
2.466163158416748
3.5759594440460205
8.378286361694336
7.58359956741333
4.581120014190674
1.221828818321228
2.451667547225952
3.6118195056915283
8.315817832946777
7.5569634437561035
4.580817222595215
1.18947172164917
2.4374136924743652
3.6470820903778076
8.254390716552734
7.530771255493164
4.580519676208496
1.1576539278030396
2.4233973026275635
3.6817569732666016
8.193986892700195
7.5050153732299805
4.580226898193359
1.1263664960861206
2.4096145629882812
3.7158539295196533
8.134590148925781
7.47968864440918
4.579938888549805
1.0956004858016968
2.396061420440674
3.749382495880127
8.076183319091797
7.454784393310547
4.579655647277832
1.0653471946716309
2.3827342987060547
3.7823522090911865
8.018750190734863
7.430294990539551
4.579377174377441
1.0355981588363647
2.369629144668579
3.814772605895996
7.962274074554443
7.406213760375977
4.579103469848633
1.0063449144363403
2.3567426204681396
3.8466525077819824
7.906739234924316
7.382534027099609
4.578924179077148
1.0207277536392212
2.3440706729888916
3.8780012130737305
7.852129936218262
7.359248638153076
4.578747749328613
1.0348708629608154
2.3316099643707275
3.908827304840088
7.798430442810059
7.33635139465332
4.5785746574401855
1.0487782955169678
2.319356918334961
3.9391396045684814
7.745625972747803
7.313836097717285
4.578404426574707
1.0624538660049438
2.3073081970214844
3.968946695327759
7.69370174407959
7.291696071624756
4.578237056732178
1.0759015083312988
2.2954602241516113
3.9982571601867676
7.642642974853516
7.269924640655518
4.5780720710754395
1.0891250371932983
2.2838096618652344
4.027079105377197
7.592434883117676
7.248516082763672
4.57790994644165
1.1021281480789185
2.272353410720825
4.055420398712158
7.543063640594482
7.22746467590332
4.5777506828308105
1.1149145364761353
2.2610881328582764
4.083289623260498
7.494515419006348
7.206763744354248
4.577593803405762
1.1274878978729248
2.2500104904174805
4.110694408416748
7.446776390075684
7.186408042907715
4.577439785003662
1.139851689338684
2.2391176223754883
4.1376423835754395
7.399832725524902
7.166391372680664
4.5772881507873535
1.15200936794281
2.2284061908721924
4.1641411781311035
7.353671550750732
7.1467084884643555
4.577139377593994
1.1639645099639893
2.2178733348846436
4.1901984214782715
7.308279991149902
7.127353668212891
4.576992988586426
1.1757203340530396
2.2075159549713135
4.215821266174316
7.263644695281982
7.108321666717529
4.576848983764648
1.187280297279358
2.197331190109253
4.241016864776611
7.219753265380859
7.089606761932373
4.576707363128662
1.1986474990844727
2.1873161792755127
4.2657928466796875
7.17659330368042
7.071203708648682
4.576568126678467
1.2098252773284912
2.1774680614471436
4.29015588760376
7.134152889251709
7.053107261657715
4.5764312744140625
1.220816731452942
2.1677842140197754
4.314112663269043
7.092419624328613
7.035312652587891
4.576296806335449
1.2316250801086426
2.158261775970459
4.33767032623291
7.051382064819336
7.017814636230469
4.576164245605469
1.242253303527832
2.148897886276245
4.360835552215576
7.011028289794922
7.000607967376709
4.576034069061279
1.252704381942749
2.1396901607513428
4.383614540100098
6.971347332000732
6.9836883544921875
4.575905799865723
1.2629811763763428
2.1306357383728027
4.4060139656066895
6.932327747344971
6.967050552368164
4.575779914855957
1.2730867862701416
2.121732234954834
4.428040027618408
6.893958568572998
6.950690269470215
4.575655937194824
1.2830239534378052
2.1129772663116455
4.4496989250183105
6.856228828430176
6.9346022605896
4.575534343719482
1.2927954196929932
2.104368209838867
4.470996856689453
6.819128036499023
6.918782711029053
4.575414657592773
1.3024040460586548
2.095902681350708
4.491939544677734
6.782645225524902
6.903226852416992
4.575296878814697
1.3118525743484497
2.087578058242798
4.512533187866211
6.74677038192749
6.887929916381836
4.575181007385254
1.321143627166748
2.079392194747925
4.5327839851379395
6.711493492126465
6.872888088226318
4.575067043304443
1.33027982711792
2.071342945098877
4.55269718170166
6.676804542541504
6.858097076416016
4.574954986572266
1.3392637968063354
2.063427686691284
4.5722784996032715
6.642693996429443
6.843552589416504
4.574844837188721
1.3480980396270752
2.0556445121765137
4.591533184051514
6.609151840209961
6.829250335693359
4.574736595153809
1.3567849397659302
2.0479910373687744
4.610466957092285
6.576168537139893
6.815186500549316
4.574630260467529
1.3653271198272705
2.0404651165008545
4.629085540771484
6.543735027313232
6.801357269287109
4.574525833129883
1.3737269639968872
2.033064603805542
4.647393703460693
6.511842250823975
6.7877583503723145
4.574422836303711
1.3819867372512817
2.025787353515625
4.665396690368652
6.480481147766113
6.774385929107666
4.574321746826172
1.3901088237762451
2.0186314582824707
4.683099746704102
6.449642658233643
6.761236667633057
4.574222087860107
1.3980956077575684
2.011594772338867
4.700507640838623
6.419318199157715
6.7483062744140625
4.574124336242676
1.4059492349624634
2.0046753883361816
4.717625141143799
6.389499187469482
6.735591411590576
4.574028015136719
1.4136719703674316
1.9978712797164917
4.734457492828369
6.360177040100098
6.72308874130249
4.5739336013793945
1.4212660789489746
1.991180658340454
4.751009464263916
6.331343650817871
6.710794448852539
4.573840618133545
1.4287335872650146
1.9846014976501465
4.767285346984863
6.302990913391113
6.698704719543457
4.57374906539917
1.4360766410827637
1.9781320095062256
4.783289909362793
6.275110721588135
6.686816692352295
4.5736589431762695
1.443297266960144
1.9717702865600586
4.799027919769287
6.247694969177246
6.675126552581787
4.573570251464844
1.4503976106643677
1.9655146598815918
4.8145036697387695
6.220736026763916
6.663631439208984
4.573483467102051
1.4573795795440674
1.9593632221221924
4.829721450805664
6.1942267417907715
6.652328014373779
4.573398113250732
1.4642452001571655
1.9533143043518066
4.8446855545043945
6.168159008026123
6.6412129402160645
4.573314189910889
1.470996379852295
1.9473662376403809
4.859400272369385
6.142525672912598
6.630282878875732
4.5732316970825195
1.4776350259780884
1.9415173530578613
4.873869895935059
6.117319583892822
6.619534969329834
4.573150157928467
1.4841630458831787
1.9357658624649048
4.888098239898682
6.092533588409424
6.60896635055542
4.573070049285889
1.4905822277069092
1.9301103353500366
4.902089595794678
6.0681610107421875
6.598573684692383
4.572991371154785
1.4968944787979126
1.9245489835739136
4.9158477783203125
6.044194221496582
6.588354587554932
4.572914123535156
1.5031014680862427
1.919080376625061
4.929376602172852
6.020627021789551
6.578305721282959
4.572838306427002
1.5092049837112427
1.9137028455734253
4.9426798820495605
5.997452735900879
6.568424224853516
4.572763442993164
1.5152068138122559
1.9084149599075317
4.955761432647705
5.974664688110352
6.5587077140808105
4.572690010070801
1.521108627319336
1.9032152891159058
4.968625068664551
5.952256202697754
6.549152851104736
4.572617530822754
1.5269120931625366
1.8981021642684937
4.981274127960205
5.9302215576171875
6.539757251739502
4.572546482086182
1.532618761062622
1.8930742740631104
4.993712425231934
5.9085540771484375
6.530518531799316
4.572476387023926
1.5382304191589355
1.8881301879882812
5.005943298339844
5.887247562408447
6.521433353424072
4.5724077224731445
1.5437484979629517
1.8832685947418213
5.017970561981201
5.866296291351318
6.512499809265137
4.57234001159668
1.5491746664047241
1.8784879446029663
5.029797077178955
5.845694065093994
6.5037150382995605
4.5722737312316895
1.5545103549957275
1.8737870454788208
5.041426658630371
5.825435161590576
6.495076656341553
4.572208404541016
1.559757113456726
1.8691644668579102
5.052862644195557
5.805513858795166
6.486582279205322
4.572144031524658
1.5649163722991943
1.8646188974380493
5.064107894897461
5.785924911499023
6.478229522705078
4.572080612182617
1.5699896812438965
1.8601491451263428
5.075165748596191
5.766662120819092
6.470016002655029
4.572018623352051
1.5749784708023071
1.8557538986206055
5.086039066314697
5.747720718383789
6.461939334869385
4.571957588195801
1.5798840522766113
1.8514318466186523
5.096731185913086
5.729094982147217
6.4539971351623535
4.571897506713867
1.5847078561782837
1.847181797027588
5.107244968414307
5.710779666900635
6.446187496185303
4.57183837890625
1.5894513130187988
1.8430026769638062
5.117583751678467
5.692769527435303
6.438508033752441
4.571780204772949
1.5941157341003418
1.838893175125122
5.127750396728516
5.6750593185424805
6.4309563636779785
4.571722984313965
1.5987024307250977
1.8348520994186401
5.137747287750244
5.657644271850586
6.423530578613281
4.571666717529297
1.603212594985962
1.8308783769607544
5.14757776260376
5.640519618988037
6.416228771209717
4.571611404418945
1.6076476573944092
1.8269709348678589
5.1572442054748535
5.623680591583252
6.409048557281494
4.57155704498291
1.612008810043335
1.823128581047058
5.166749477386475
5.60712194442749
6.4019880294799805
4.571503639221191
1.6162972450256348
1.819350242614746
5.176096439361572
5.590839385986328
6.395045280456543
4.571451187133789
1.620514154434204
1.8156349658966064
5.1852874755859375
5.574828147888184
6.388218402862549
4.571399688720703
1.624660849571228
1.8119815587997437
5.1943254470825195
5.559083938598633
6.381505012512207
4.571348667144775
1.6287384033203125
1.8083890676498413
5.203212738037109
5.543601989746094
6.374903678894043
4.571298599243164
1.632748007774353
1.8048564195632935
5.211952209472656
5.528378009796143
6.368412494659424
4.571249485015869
1.6366908550262451
1.8013826608657837
5.220545768737793
5.5134077072143555
6.362029075622559
4.571201324462891
1.6405678987503052
1.7979668378829956
5.228996276855469
5.498686790466309
6.355752468109131
4.57115364074707
1.6443803310394287
1.7946078777313232
5.237305641174316
5.484211444854736
6.34958028793335
4.571106910705566
1.6481292247772217
1.7913049459457397
5.245476722717285
5.469977378845215
6.34351110458374
4.571061134338379
1.65181565284729
1.7880570888519287
5.253511428833008
5.45598030090332
6.33754301071167
4.57101583480835
1.6554406881332397
1.7848633527755737
5.261412620544434
5.442216873168945
6.331674098968506
4.570971488952637
1.6590052843093872
1.7817227840423584
5.269181728363037
5.428682804107666
6.325903415679932
4.570927619934082
1.6625103950500488
1.7786345481872559
5.276821613311768
5.415374279022217
6.320228576660156
4.570884704589844
1.6659570932388306
1.7755978107452393
5.284334182739258
5.402287483215332
6.314648628234863
4.570842266082764
1.6693464517593384
1.7726117372512817
5.291721343994141
5.389418601989746
6.30916166305542
4.57080078125
1.6726793050765991
1.769675374031067
5.298985481262207
5.376764297485352
6.303765773773193
4.5707597732543945
1.6759566068649292
1.7667880058288574
5.30612850189209
5.364320755004883
6.298460006713867
4.5707197189331055
1.679179310798645
1.763948678970337
5.313152313232422
5.352084636688232
6.293242454528809
4.570680141448975
1.6823482513427734
1.761156678199768
5.320059299468994
5.340052604675293
6.288112163543701
4.57064151763916
1.6854643821716309
1.7584112882614136
5.3268513679504395
5.328221321105957
6.283067226409912
4.570603370666504
1.6885285377502441
1.7557116746902466
5.333529949188232
5.316586971282959
6.278106212615967
4.570565700531006
1.6915416717529297
1.7530570030212402
5.340097427368164
5.30514669418335
6.273228168487549
4.570528984069824
1.6945046186447144
1.7504465579986572
5.346555233001709
5.2938971519470215
6.268431186676025
4.570492744445801
1.6974180936813354
1.7478796243667603
5.3529052734375
5.282835006713867
6.26371431350708
4.5704569816589355
1.7002830505371094
1.745355486869812
5.359149932861328
5.2719573974609375
6.259076118469238
4.5704216957092285
1.7031002044677734
1.7428734302520752
5.36529016494751
5.261260986328125
6.254515171051025
4.570387363433838
1.705870509147644
1.7404327392578125
5.371328353881836
5.2507429122924805
6.250030040740967
4.5703535079956055
1.708594560623169
1.7380326986312866
5.377265930175781
5.2403998374938965
6.245619773864746
4.570320129394531
1.711273193359375
1.7356727123260498
5.38310432434082
5.230229377746582
6.241282939910889
4.570287227630615
1.713907241821289
1.7333520650863647
5.388845443725586
5.22022819519043
6.237018585205078
4.570254802703857
1.7164974212646484
1.7310700416564941
5.394490718841553
5.210393905639648
6.23282527923584
4.570222854614258
1.7190444469451904
1.7288260459899902
5.4000420570373535
5.200723648071289
6.228702068328857
4.570191860198975
1.7215489149093628
1.7266194820404053
5.405500888824463
5.191214561462402
6.224647521972656
4.57016134262085
1.7240116596221924
1.724449634552002
5.4108686447143555
5.181863784790039
6.220660209655762
4.570131301879883
1.7264333963394165
1.722316026687622
5.416147232055664
5.172668933868408
6.216739654541016
4.570101737976074
1.728814721107483
1.7202179431915283
5.421337604522705
5.1636271476745605
6.212884426116943
4.570072650909424
1.731156349182129
1.718154788017273
5.426441669464111
5.154736042022705
6.2090935707092285
4.570044040679932
1.7334589958190918
1.7161260843276978
5.431460380554199
5.145993232727051
6.2053656578063965
4.570015907287598
1.7357232570648193
1.7141311168670654
5.436395645141602
5.137396335601807
6.201699733734131
4.569988250732422
1.7379498481750488
1.7121694087982178
5.441248416900635
5.128942489624023
6.198094844818115
4.569961071014404
1.7401392459869385
1.7102404832839966
5.446020603179932
5.120629787445068
6.194550037384033
4.569934368133545
1.7422921657562256
1.7083436250686646
5.450713157653809
5.112455368041992
6.191064357757568
4.569908142089844
1.744409203529358
1.7064783573150635
5.45532751083374
5.104417324066162
6.187636852264404
4.569882392883301
1.7464909553527832
1.7046442031860352
5.459865093231201
5.096513271331787
6.184266567230225
4.569857120513916
1.7485380172729492
1.7028406858444214
5.464326858520508
5.088740825653076
6.180952548980713
4.569831848144531
1.7505509853363037
1.7010672092437744
5.468714237213135
5.0810980796813965
6.177693843841553
4.569807052612305
1.7525303363800049
1.699323296546936
5.473028659820557
5.073582649230957
6.174489498138428
4.569782733917236
1.75447678565979
1.697608470916748
5.47727108001709
5.066192626953125
6.1713385581970215
4.569758892059326
1.7563908100128174
1.6959221363067627
5.481442928314209
5.058925628662109
6.168240070343018
4.569735527038574
1.7582728862762451
1.6942639350891113
5.4855451583862305
5.051779747009277
6.1651930809021
4.5697126388549805
1.760123610496521
1.6926333904266357
5.489578723907471
5.044753074645996
6.162196636199951
4.569689750671387
1.7619434595108032
1.6910300254821777
5.493545055389404
5.037843227386475
6.159250259399414
4.569667339324951
1.7637330293655396
1.689453363418579
5.497445583343506
5.031048774719238
6.156352996826172
4.569645404815674
1.7654926776885986
1.6879030466079712
5.501280784606934
5.024367332458496
6.153503894805908
4.569623947143555
1.7672230005264282
1.6863784790039062
5.505052089691162
5.017797470092773
6.150702476501465
4.569602966308594
1.768924593925476
1.6848793029785156
5.508760929107666
5.011336803436279
6.147947788238525
4.569581985473633
1.7705978155136108
1.6834051609039307
5.5124077796936035
5.004983901977539
6.145238876342773
4.56956148147583
1.7722431421279907
1.6819555759429932
5.515994071960449
4.99873685836792
6.142575263977051
4.5695414543151855
1.773861050605774
1.6805301904678345
5.519520282745361
4.992594242095947
6.139955997467041
4.569521427154541
1.7754520177841187
1.6791285276412964
5.5229878425598145
4.98655366897583
6.137380599975586
4.569501876831055
1.7770164012908936
1.6777502298355103
5.526397705078125
4.980613708496094
6.134848117828369
4.569482803344727
1.7785546779632568
1.6763949394226074
5.529750823974609
4.974772930145264
6.132357597351074
4.569463729858398
1.7800673246383667
1.6750621795654297
5.533047676086426
4.969029426574707
6.129908561706543
4.5694451332092285
1.7815548181533813
1.673751711845398
5.536289691925049
4.963381767272949
6.127500534057617
4.569427013397217
1.7830175161361694
1.672463059425354
5.539477825164795
4.957828044891357
6.1251325607299805
4.569408893585205
1.7844557762145996
1.6711958646774292
5.542612552642822
4.952366828918457
6.122804164886475
4.569391250610352
1.78587007522583
1.6699497699737549
5.5456953048706055
4.946996688842773
6.120514392852783
4.569374084472656
1.787260890007019
1.6687244176864624
5.548726558685303
4.941716194152832
6.118262767791748
4.569356918334961
1.7886284589767456
1.6675195693969727
5.5517072677612305
4.936523914337158
6.116048812866211
4.569340229034424
1.789973258972168
1.6663347482681274
5.554638385772705
4.931417942047119
6.1138715744018555
4.569323539733887
1.7912956476211548
1.6651697158813477
5.557520389556885
4.926397323608398
6.111730575561523
4.569307327270508
1.7925959825515747
1.6640241146087646
5.560354709625244
4.921460151672363
6.109625339508057
4.569291591644287
1.7938746213912964
1.6628975868225098
5.563141822814941
4.916605472564697
6.107555389404297
4.569275856018066
1.7951319217681885
1.6617897748947144
5.565882205963135
4.911831378936768
6.105519771575928
4.569260597229004
1.7963683605194092
1.6607004404067993
5.568576812744141
4.907136917114258
6.103518009185791
4.569245338439941
1.7975841760635376
1.659629225730896
5.571226596832275
4.902520656585693
6.1015496253967285
4.569230556488037
1.7987797260284424
1.6585758924484253
5.5738325119018555
4.897981643676758
6.099614143371582
4.569215774536133
1.7999553680419922
1.657540202140808
5.576395034790039
4.893517971038818
6.097711086273193
4.569201469421387
1.8011113405227661
1.6565216779708862
5.578914642333984
4.889128684997559
6.095839500427246
4.569187164306641
1.8022481203079224
1.6555202007293701
5.581392288208008
4.884812831878662
6.09399938583374
4.569173336029053
1.80336594581604
1.6545354127883911
5.583828449249268
4.880568504333496
6.092189788818359
4.569159507751465
1.8044650554656982
1.6535669565200806
5.58622407913208
4.876395225524902
6.090410232543945
4.569146156311035
1.8055459260940552
1.652614712715149
5.5885796546936035
4.872291564941406
6.08866024017334
4.5691328048706055
1.80660879611969
1.6516783237457275
5.590896129608154
4.868256092071533
6.086939334869385
4.569119930267334
1.8076539039611816
1.6507575511932373
5.593173980712891
4.864287853240967
6.08524751663208
4.5691070556640625
1.808681607246399
1.6498521566390991
5.595414161682129
4.860385894775391
6.083583831787109
4.569094657897949
1.809692144393921
1.6489617824554443
5.597616672515869
4.85654878616333
6.0819478034973145
4.569082260131836
1.8106858730316162
1.6480863094329834
5.599782466888428
4.852775573730469
6.080338954925537
4.569069862365723
1.811663031578064
1.6472253799438477
5.601912498474121
4.84906530380249
6.078756809234619
4.569057941436768
1.8126238584518433
1.646378755569458
5.604006767272949
4.845417022705078
6.0772013664245605
4.5690460205078125
1.8135687112808228
1.645546317100525
5.6060662269592285
4.841829299926758
6.075671672821045
4.569034576416016
1.8144978284835815
1.6447277069091797
5.608091354370117
4.838301658630371
6.074167251586914
4.569023132324219
1.8154114484786987
1.6439228057861328
5.610082626342773
4.834832668304443
6.072688102722168
4.56901216506958
1.8163098096847534
1.6431312561035156
5.612040996551514
4.831421375274658
6.071233749389648
4.569001197814941
1.8171932697296143
1.6423529386520386
5.613966464996338
4.828067302703857
6.069803714752197
4.568990230560303
1.8180619478225708
1.6415876150131226
5.6158599853515625
4.824769020080566
6.068397521972656
4.568979740142822
1.8189162015914917
1.6408350467681885
5.617722034454346
4.821525573730469
6.067014694213867
4.568969249725342
1.8197561502456665
1.6400949954986572
5.619553089141846
4.818336486816406
6.065654754638672
4.568958759307861
1.8205821514129639
1.6393672227859497
5.621353626251221
4.815200328826904
6.06431770324707
4.568948745727539
1.8213943243026733
1.6386516094207764
5.623124122619629
4.812116622924805
6.063002586364746
4.568938732147217
1.8221930265426636
1.637947916984558
5.6248650550842285
4.809083938598633
6.061709403991699
4.5689287185668945
1.8229783773422241
1.6372560262680054
5.626576900482178
4.8061017990112305
6.0604376792907715
4.5689191818237305
1.823750615119934
1.6365755796432495
5.628260135650635
4.8031697273254395
6.059187412261963
4.568909645080566
1.8245099782943726
1.635906457901001
5.629915237426758
4.800286293029785
6.057958126068115
4.568900108337402
1.8252567052841187
1.6352485418319702
5.631542682647705
4.797451019287109
6.05674934387207
4.5688910484313965
1.8259910345077515
1.6346015930175781
5.633142948150635
4.794662952423096
6.05556058883667
4.568881988525391
1.8267130851745605
1.6339653730392456
5.634716987609863
4.791921138763428
6.054391384124756
4.568872928619385
1.827423095703125
1.633339762687683
5.636264801025391
4.789225101470947
6.053241729736328
4.568864345550537
1.828121304512024
1.632724642753601
5.637786388397217
4.786573886871338
6.0521111488342285
4.5688557624816895
1.8288078308105469
1.6321197748184204
5.639282703399658
4.783967018127441
6.050999641418457
4.568847179412842
1.829482913017273
1.631524920463562
5.640754222869873
4.781403541564941
6.0499067306518555
4.568839073181152
1.8301467895507812
1.6309400796890259
5.6422014236450195
4.77888298034668
6.048831939697266
4.568830966949463
1.8307995796203613
1.6303648948669434
5.643624305725098
4.77640438079834
6.0477752685546875
4.568822860717773
1.8314415216445923
1.6297993659973145
5.645023345947266
4.773967266082764
6.046736240386963
4.568815231323242
1.8320727348327637
1.62924325466156
5.646399021148682
4.771570682525635
6.045714378356934
4.568807601928711
1.8326934576034546
1.6286964416503906
5.647751808166504
4.769214153289795
6.0447096824646
4.56879997253418
1.8333038091659546
1.628158688545227
5.649082183837891
4.766896724700928
6.043721675872803
4.568792343139648
1.8339040279388428
1.6276298761367798
5.650390148162842
4.764617919921875
6.042749881744385
4.568785190582275
1.8344942331314087
1.6271098852157593
5.651676654815674
4.7623772621154785
6.041794300079346
4.568778038024902
1.835074543952942
1.626598596572876
5.652941703796387
4.760173797607422
6.0408549308776855
4.568770885467529
1.8356451988220215
1.6260957717895508
5.654185771942139
4.758007049560547
6.039930820465088
4.568763732910156
1.836206316947937
1.6256014108657837
5.65540885925293
4.755876541137695
6.039022445678711
4.568757057189941
1.8367581367492676
1.6251152753829956
5.656611442565918
4.753781318664551
6.038128852844238
4.568750381469727
1.8373007774353027
1.624637246131897
5.657793998718262
4.751720905303955
6.037250518798828
4.568743705749512
1.837834358215332
1.6241672039031982
5.658957004547119
4.74969482421875
6.036386489868164
4.568737030029297
1.838358998298645
1.6237049102783203
5.66010046005249
4.747702598571777
6.035537242889404
4.56873083114624
1.8388749361038208
1.6232503652572632
5.661224842071533
4.745743751525879
6.034701824188232
4.568724632263184
1.839382290840149
1.6228033304214478
5.662330627441406
4.743817329406738
6.033880233764648
4.568718433380127
1.839881181716919
1.622363805770874
5.663417816162109
4.7419233322143555
6.033072471618652
4.56871223449707
1.8403717279434204
1.621931552886963
5.664486885070801
4.740060806274414
6.032278060913086
4.568706035614014
1.8408541679382324
1.6215065717697144
5.665538311004639
4.738229274749756
6.031497001647949
4.568700313568115
1.841328501701355
1.6210886240005493
5.666572093963623
4.736428260803223
6.030728816986084
4.568694591522217
1.8417949676513672
1.6206777095794678
5.667588710784912
4.734657287597656
6.02997350692749
4.568688869476318
1.8422536849975586
1.6202735900878906
5.668588638305664
4.732915878295898
6.029231071472168
4.56868314743042
1.8427046537399292
1.6198762655258179
5.669571876525879
4.731203556060791
6.028501033782959
4.5686774253845215
1.843148112297058
1.6194854974746704
5.670538425445557
4.729519844055176
6.027782917022705
4.568672180175781
1.8435841798782349
1.6191012859344482
5.6714887619018555
4.727863788604736
6.027076721191406
4.568666934967041
1.844012975692749
1.6187235116958618
5.672423362731934
4.726235389709473
6.0263824462890625
4.568661689758301
1.8444346189498901
1.618351936340332
5.673342704772949
4.724634170532227
6.025699615478516
4.5686564445495605
1.8448493480682373
1.6179865598678589
5.674246311187744
4.72305965423584
6.025028228759766
4.56865119934082
1.8452571630477905
1.6176272630691528
5.675135135650635
4.721511363983154
6.0243682861328125
4.568646430969238
1.8456581830978394
1.6172740459442139
5.676009178161621
4.719988822937012
6.023719310760498
4.568641662597656
1.8460524082183838
1.616926670074463
5.676868438720703
4.718491554260254
6.023080825805664
4.568636894226074
1.846440076828003
1.6165851354599
5.677713394165039
4.717019557952881
6.022453308105469
4.568632125854492
1.8468213081359863
1.6162492036819458
5.678544521331787
4.715571880340576
6.021836280822754
4.56862735748291
1.8471962213516235
1.6159188747406006
5.679361820220947
4.71414852142334
6.021229267120361
4.568622589111328
1.8475648164749146
1.6155940294265747
5.6801652908325195
4.712749004364014
6.020632266998291
4.568618297576904
1.8479273319244385
1.6152746677398682
5.680955410003662
4.7113728523254395
6.020045280456543
4.5686140060424805
1.8482837677001953
1.6149605512619019
5.681732177734375
4.710019588470459
6.019468307495117
4.568609714508057
1.8486342430114746
1.6146516799926758
5.682496070861816
4.708688735961914
6.0189008712768555
4.568605422973633
1.848978877067566
1.61434805393219
5.6832475662231445
4.7073798179626465
6.018342971801758
4.568601131439209
1.8493177890777588
1.6140494346618652
5.683986186981201
4.706092834472656
6.017794132232666
4.568596839904785
1.8496510982513428
1.6137558221817017
5.6847124099731445
4.704827308654785
6.01725435256958
4.568592548370361
1.8499788045883179
1.6134670972824097
5.685426712036133
4.703582763671875
6.0167236328125
4.568588733673096
1.8503010272979736
1.6131831407546997
5.686129093170166
4.702359199523926
6.016201972961426
4.56858491897583
1.8506178855895996
1.6129039525985718
5.686820030212402
4.701156139373779
6.015688896179199
4.5685811042785645
1.8509294986724854
1.6126294136047363
5.687499046325684
4.699973106384277
6.01518440246582
4.568577289581299
1.8512358665466309
1.6123594045639038
5.688167095184326
4.698809623718262
6.014688491821289
4.568573474884033
1.8515372276306152
1.6120939254760742
5.688823699951172
4.697665691375732
6.014200687408447
4.568569660186768
1.851833462715149
1.611832857131958
5.689469337463379
4.696540832519531
6.013720989227295
4.568565845489502
1.852124810218811
1.6115761995315552
5.6901044845581055
4.6954345703125
6.013249397277832
4.5685625076293945
1.8524112701416016
1.6113238334655762
5.690729141235352
4.694346904754639
6.0127854347229
4.568559169769287
1.85269296169281
1.6110756397247314
5.691343307495117
4.693277359008789
6.0123291015625
4.56855583190918
1.852970004081726
1.610831618309021
5.691946983337402
4.692225456237793
6.011880397796631
4.568552494049072
1.8532423973083496
1.6105916500091553
5.692540645599365
4.69119119644165
6.011439323425293
4.568549156188965
1.8535102605819702
1.6103556156158447
5.693124294281006
4.690174102783203
6.011005878448486
4.568545818328857
1.8537737131118774
1.6101235151290894
5.693698406219482
4.689174175262451
6.010579586029053
4.56854248046875
1.8540327548980713
1.6098953485488892
5.694262981414795
4.688190937042236
6.010160446166992
4.568539142608643
1.8542875051498413
1.6096709966659546
5.694818019866943
4.6872239112854
6.0097479820251465
4.568535804748535
1.8545379638671875
1.609450340270996
5.695363998413086
4.686273097991943
6.009342670440674
4.568532943725586
1.8547842502593994
1.6092333793640137
5.695900917053223
4.685338020324707
6.008944034576416
4.568530082702637
1.8550264835357666
1.6090199947357178
5.6964287757873535
4.684418678283691
6.008552074432373
4.5685272216796875
1.855264663696289
1.6088101863861084
5.696948051452637
4.683514595031738
6.008166313171387
4.568524360656738
1.8554987907409668
1.608603835105896
5.697458267211914
4.6826252937316895
6.007787227630615
4.568521499633789
1.855729103088379
1.6084009408950806
5.697960376739502
4.681750774383545
6.0074143409729
4.56851863861084
1.8559554815292358
1.608201503753662
5.698453903198242
4.680891036987305
6.007047653198242
4.568515777587891
1.8561781644821167
1.6080052852630615
5.698939323425293
4.6800456047058105
6.006687164306641
4.568512916564941
1.8563971519470215
1.6078124046325684
5.699416637420654
4.6792144775390625
6.006332874298096
4.568510055541992
1.8566124439239502
1.607622742652893
5.699885845184326
4.678397178649902
6.005984306335449
4.568507194519043
1.8568241596221924
1.607436180114746
5.700347423553467
4.677593231201172
6.005641460418701
4.568504810333252
1.857032299041748
1.6072527170181274
5.700801372528076
4.676802635192871
6.005304336547852
4.568502426147461
1.8572369813919067
1.607072353363037
5.701247692108154
4.676025390625
6.0049729347229
4.56850004196167
1.857438325881958
1.6068949699401855
5.701686382293701
4.6752610206604
6.004647254943848
4.568497657775879
1.8576362133026123
1.6067205667495728
5.702117919921875
4.674509525299072
6.004326820373535
4.568495273590088
1.8578308820724487
1.6065490245819092
5.702542304992676
4.673770427703857
6.004011631011963
4.568492889404297
1.8580223321914673
1.6063803434371948
5.7029595375061035
4.673043727874756
6.003701686859131
4.568490505218506
1.858210563659668
1.6062145233154297
5.703369617462158
4.672328948974609
6.003396987915039
4.568488121032715
1.8583956956863403
1.6060514450073242
5.703773021697998
4.671626091003418
6.0030975341796875
4.568485736846924
1.8585777282714844
1.6058911085128784
5.704169750213623
4.670935153961182
6.002802848815918
4.568483352661133
1.8587566614151
1.6057333946228027
5.704559803009033
4.670255661010742
6.0025129318237305
4.568480968475342
1.858932614326477
1.6055783033370972
5.7049431800842285
4.6695876121521
6.002228260040283
4.568478584289551
1.8591057062149048
1.6054258346557617
5.705320358276367
4.668930530548096
6.00194787979126
4.568476676940918
1.8592758178710938
1.6052758693695068
5.705691337585449
4.6682844161987305
6.001672267913818
4.568474769592285
1.859443187713623
1.6051284074783325
5.706056118011475
4.667649269104004
6.001401424407959
4.568472862243652
1.8596076965332031
1.6049834489822388
5.706414699554443
4.667024612426758
6.001134872436523
4.5684709548950195
1.8597694635391235
1.604840874671936
5.706767559051514
4.666410446166992
6.00087308883667
4.568469047546387
1.8599286079406738
1.6047006845474243
5.707114219665527
4.665806293487549
6.00061559677124
4.568467140197754
1.8600850105285645
1.6045628786087036
5.707455158233643
4.665212154388428
6.000362396240234
4.568465232849121
1.860238790512085
1.6044273376464844
5.707790374755859
4.664628028869629
6.000113487243652
4.568463325500488
1.860390067100525
1.6042940616607666
5.708119869232178
4.664053916931152
5.999868392944336
4.5684614181518555
1.8605388402938843
1.6041630506515503
5.708444118499756
4.66348934173584
5.999627590179443
4.568459510803223
1.860685110092163
1.604034185409546
5.708763122558594
4.662933826446533
5.999390602111816
4.56845760345459
1.8608289957046509
1.6039074659347534
5.709076404571533
4.662387847900391
5.999157905578613
4.568455696105957
1.860970377922058
1.6037828922271729
5.709384441375732
4.661850929260254
5.998929023742676
4.568453788757324
1.8611094951629639
1.6036603450775146
5.70968770980835
4.661323070526123
5.998703956604004
4.568451881408691
1.8612462282180786
1.6035398244857788
5.709985733032227
4.66080379486084
5.998482704162598
4.568449974060059
1.861380696296692
1.6034213304519653
5.7102789878845215
4.660293102264404
5.998264789581299
4.568448543548584
1.8615128993988037
1.6033048629760742
5.710566997528076
4.659790992736816
5.998050689697266
4.568447113037109
1.8616429567337036
1.603190302848816
5.710850238800049
4.659297466278076
5.997840404510498
4.568445682525635
1.8617708683013916
1.6030776500701904
5.7111287117004395
4.658812046051025
5.997633457183838
4.56844425201416
1.8618966341018677
1.6029669046401978
5.711402893066406
4.658334732055664
5.997429847717285
4.5684428215026855
1.8620202541351318
1.6028579473495483
5.711672306060791
4.657865524291992
5.99722957611084
4.568441390991211
1.8621418476104736
1.6027507781982422
5.711937427520752
4.657403945922852
5.997032642364502
4.568439960479736
1.862261414527893
1.6026453971862793
5.712197780609131
4.656949996948242
5.9968390464782715
4.568438529968262
1.8623789548873901
1.6025418043136597
5.712453842163086
4.656503677368164
5.996648788452148
4.568437099456787
1.8624945878982544
1.6024399995803833
5.712705612182617
4.656064987182617
5.996461868286133
4.5684356689453125
1.8626083135604858
1.6023398637771606
5.712953567504883
4.655633449554443
5.996277809143066
4.568434238433838
1.8627201318740845
1.6022413969039917
5.713197231292725
4.655209064483643
5.996096611022949
4.568432807922363
1.8628300428390503
1.6021445989608765
5.713436603546143
4.654791831970215
5.9959187507629395
4.568431377410889
1.8629381656646729
1.6020493507385254
5.713672161102295
4.654381275177002
5.995743751525879
4.568429946899414
1.8630445003509521
1.6019556522369385
5.713903903961182
4.653977870941162
5.995571613311768
4.5684285163879395
1.8631490468978882
1.6018636226654053
5.714131832122803
4.653581142425537
5.9954023361206055
4.568427085876465
1.863251805305481
1.6017730236053467
5.714355945587158
4.653191089630127
5.995235919952393
4.56842565536499
1.86335289478302
1.6016839742660522
5.714576244354248
4.652807235717773
5.995072364807129
4.56842565536499
1.86335289478302
1.601596474647522
5.714792728424072
4.652430057525635
5.9949116706848145
4.56842565536499
1.86335289478302
1.6015104055404663
5.715005874633789
4.652059078216553
5.994753360748291
4.56842565536499
1.86335289478302
1.6014257669448853
5.71521520614624
4.651694297790527
5.994597911834717
4.56842565536499
1.86335289478302
1.6013425588607788
5.715421199798584
4.651335716247559
5.994444847106934
4.56842565536499
1.86335289478302
1.6012606620788574
5.71562385559082
4.650982856750488
5.9942946434021
4.56842565536499
1.86335289478302
1.6011801958084106
5.715823173522949
4.650636196136475
5.994146823883057
4.56842565536499
1.86335289478302
1.601101040840149
5.716019153594971
4.650295257568359
5.994001388549805
4.56842565536499
1.86335289478302
1.6010231971740723
5.716211795806885
4.649960041046143
5.993858337402344
4.56842565536499
1.86335289478302
1.6009466648101807
5.716401100158691
4.649630069732666
5.993717670440674
4.56842565536499
1.86335289478302
1.6008714437484741
5.716587066650391
4.649305820465088
5.993579387664795
4.56842565536499
1.86335289478302
1.600797414779663
5.716770172119141
4.64898681640625
5.993443489074707
4.56842565536499
1.86335289478302
1.600724697113037
5.716950416564941
4.648673057556152
5.99330997467041
4.56842565536499
1.86335289478302
1.6006531715393066
5.717127323150635
4.648364543914795
5.993178367614746
4.56842565536499
1.86335289478302
1.6005828380584717
5.717301368713379
4.648061275482178
5.993049144744873
4.56842565536499
1.86335289478302
1.6005136966705322
5.717472553253174
4.647763252258301
5.992921829223633
4.56842565536499
1.86335289478302
1.6004456281661987
5.7176408767700195
4.647469997406006
5.992796897888184
4.56842565536499
1.86335289478302
1.6003787517547607
5.717806339263916
4.647181510925293
5.992673873901367
4.56842565536499
1.86335289478302
1.6003129482269287
5.717968940734863
4.646897792816162
5.992552757263184
4.56842565536499
1.86335289478302
1.6002482175827026
5.7181291580200195
4.646618843078613
5.992434024810791
4.56842565536499
1.86335289478302
1.6001845598220825
5.718286514282227
4.6463446617126465
5.992317199707031
4.56842565536499
1.86335289478302
1.6001219749450684
5.718441486358643
4.646075248718262
5.992202281951904
4.56842565536499
1.86335289478302
1.6000604629516602
5.718593597412109
4.645810127258301
5.99208927154541
4.56842565536499
1.86335289478302
1.600000023841858
5.718743324279785
4.645549297332764
5.991978168487549
4.56842565536499
1.86335289478302
1.599940538406372
5.71889066696167
4.64529275894165
5.99186897277832
4.56842565536499
1.86335289478302
1.5998820066452026
5.7190351486206055
4.645040512084961
5.991761684417725
4.56842565536499
1.86335289478302
1.5998245477676392
5.71917724609375
4.644792556762695
5.9916558265686035
4.56842565536499
1.86335289478302
1.599768042564392
5.7193169593811035
4.6445488929748535
5.991551876068115
4.56842565536499
1.86335289478302
1.5997123718261719
5.719454765319824
4.644309043884277
5.99144983291626
4.56842565536499
1.86335289478302
1.599657654762268
5.719590187072754
4.644073486328125
5.991349220275879
4.56842565536499
1.86335289478302
1.5996038913726807
5.719723224639893
4.643841743469238
5.991250514984131
4.56842565536499
1.86335289478302
1.5995509624481201
5.71985387802124
4.643613815307617
5.991153240203857
4.56842565536499
1.86335289478302
1.599498987197876
5.719982624053955
4.643389701843262
5.991057872772217
4.56842565536499
1.86335289478302
1.5994478464126587
5.720108985900879
4.643169403076172
5.990963935852051
4.56842565536499
1.86335289478302
1.5993975400924683
5.72023344039917
4.642952919006348
5.990871429443359
4.56842565536499
1.86335289478302
1.5993480682373047
5.720355987548828
4.642739772796631
5.990780353546143
4.56842565536499
1.86335289478302
1.599299430847168
5.720476150512695
4.64253044128418
5.990691184997559
4.56842565536499
1.86335289478302
1.599251627922058
5.72059440612793
4.642324447631836
5.990603446960449
4.56842565536499
1.86335289478302
1.599204659461975
5.720710754394531
4.6421217918396
5.9905171394348145
4.56842565536499
1.86335289478302
1.5991584062576294
5.7208251953125
4.641922473907471
5.990432262420654
4.56842565536499
1.86335289478302
1.5991129875183105
5.720937728881836
4.641726493835449
5.990348815917969
4.56842565536499
1.86335289478302
1.599068284034729
5.721048355102539
4.641533851623535
5.990266799926758
4.56842565536499
1.86335289478302
1.5990242958068848
5.721157073974609
4.6413445472717285
5.9901862144470215
4.56842565536499
1.86335289478302
1.5989810228347778
5.721263885498047
4.641158103942871
5.990106582641602
4.56842565536499
1.86335289478302
1.5989384651184082
5.72136926651001
4.640974998474121
5.990028381347656
4.56842565536499
1.86335289478302
1.5988966226577759
5.72147274017334
4.64079475402832
5.9899516105651855
4.56842565536499
1.86335289478302
1.5988554954528809
5.721574306488037
4.640617847442627
5.9898762702941895
4.56842565536499
1.86335289478302
1.5988150835037231
5.72167444229126
4.640443801879883
5.98980188369751
4.56842565536499
1.86335289478302
1.5987753868103027
5.72177267074585
4.640272617340088
5.989728927612305
4.56842565536499
1.86335289478302
1.59873628616333
5.721869468688965
4.640104293823242
5.989656925201416
4.56842565536499
1.86335289478302
1.5986979007720947
5.721964359283447
4.639938831329346
5.989586353302002
4.56842565536499
1.86335289478302
1.5986601114273071
5.722057819366455
4.639776229858398
5.989516735076904
4.56842565536499
1.86335289478302
1.5986601114273071
5.722057819366455
4.639616012573242
5.989448547363281
4.56842565536499
1.86335289478302
1.5986601114273071
5.722057819366455
4.639458656311035
5.989381313323975
4.56842565536499
1.86335289478302
1.5986601114273071
5.722057819366455
4.639303684234619
5.989315509796143
4.56842565536499
1.86335289478302
1.5986601114273071
5.722057819366455
4.639151573181152
5.989250659942627
4.56842565536499
1.86335289478302
1.5986601114273071
5.722057819366455
4.639001846313477
5.989186763763428
4.56842565536499
1.86335289478302
1.5986601114273071
5.722057819366455
4.638854503631592
5.989123821258545
4.56842565536499
1.86335289478302
1.5986601114273071
5.722057819366455
4.638709545135498
5.989062309265137
4.56842565536499
1.86335289478302
1.5986601114273071
5.722057819366455
4.638566970825195
5.989001750946045
4.56842565536499
1.86335289478302
1.5986601114273071
5.722057819366455
4.638426780700684
5.9889421463012695
4.56842565536499
1.86335289478302
1.5986601114273071
5.722057819366455
4.638288974761963
5.9888834953308105
4.56842565536499
1.86335289478302
1.5986601114273071
5.722057819366455
4.638153553009033
5.988825798034668
4.56842565536499
1.86335289478302
1.5986601114273071
5.722057819366455
4.6380205154418945
5.988769054412842
4.56842565536499
1.86335289478302
1.5986601114273071
5.722057819366455
4.637889862060547
5.988713264465332
4.56842565536499
1.86335289478302
1.5986601114273071
5.722057819366455
4.637761116027832
5.988658428192139
4.56842565536499
1.86335289478302
1.5986601114273071
5.722057819366455
4.637634754180908
5.988604545593262
4.56842565536499
1.86335289478302
1.5986601114273071
5.722057819366455
4.637510299682617
5.988551616668701
4.56842565536499
1.86335289478302
1.5986601114273071
5.722057819366455
4.637387752532959
5.988499641418457
4.56842565536499
1.86335289478302
1.5986601114273071
5.722057819366455
4.637267589569092
5.988448143005371
4.56842565536499
1.86335289478302
1.5986601114273071
5.722057819366455
4.637149333953857
5.988397598266602
4.56842565536499
1.86335289478302
1.5986601114273071
5.722057819366455
4.637032985687256
5.988348007202148
4.56842565536499
1.86335289478302
1.5986601114273071
5.722057819366455
4.636918544769287
5.988299369812012
4.56842565536499
1.86335289478302
1.5986601114273071
5.722057819366455
4.636806011199951
5.988251209259033
4.56842565536499
1.86335289478302
1.5986601114273071
5.722057819366455
4.636695384979248
5.988204002380371
4.56842565536499
1.86335289478302
1.5986601114273071
5.722057819366455
4.636586666107178
5.988157749176025
4.56842565536499
1.86335289478302
1.5986601114273071
5.722057819366455
4.63647985458374
5.988111972808838
4.56842565536499
1.86335289478302
1.5986601114273071
5.722057819366455
4.636374473571777
5.988067150115967
4.56842565536499
1.86335289478302
1.5986601114273071
5.722057819366455
4.636270999908447
5.988023281097412
4.56842565536499
1.86335289478302
1.5986601114273071
5.722057819366455
4.63616943359375
5.987979888916016
4.56842565536499
1.86335289478302
1.5986601114273071
5.722057819366455
4.636069297790527
5.9879374504089355
4.56842565536499
1.86335289478302
1.5986601114273071
5.722057819366455
4.6359710693359375
5.987895488739014
4.56842565536499
1.86335289478302
1.5986601114273071
5.722057819366455
4.635874271392822
5.987854480743408
4.56842565536499
1.86335289478302
1.5986601114273071
5.722057819366455
4.63577938079834
5.987813949584961
4.56842565536499
1.86335289478302
1.5986601114273071
5.722057819366455
4.635685920715332
5.987773895263672
