3.596195936203003
6.021759510040283
4.58056116104126
2.422147274017334
5.50465202331543
4.1898193359375
4.976616859436035
6.060824871063232
4.602499961853027
2.2478928565979004
6.020246505737305
3.7562806606292725
6.002588748931885
6.4750189781188965
4.637845039367676
1.9672532081604004
6.8437371253967285
3.061229705810547
7.01146125793457
6.882309913635254
4.672601222991943
1.6912909746170044
7.653502941131592
2.377763032913208
6.803526878356934
6.943126678466797
4.706778049468994
1.4199280738830566
8.449772834777832
1.705687403678894
6.274643898010254
6.910697937011719
4.740385055541992
1.153087854385376
8.432969093322754
1.085850715637207
5.754575729370117
6.878809928894043
4.769038677215576
1.0571134090423584
8.322687149047852
1.2590805292129517
5.243175029754639
6.8474531173706055
4.790666103363037
1.186123251914978
8.221921920776367
1.5536330938339233
4.740297794342041
6.816618919372559
4.811933517456055
1.3129829168319702
8.122836112976074
1.8432765007019043
4.24580192565918
6.786298751831055
4.832846164703369
1.4377282857894897
8.02540111541748
2.1280925273895264
3.759547472000122
6.756484031677246
4.853410243988037
1.560394525527954
7.929590225219727
2.4081616401672363
3.2813973426818848
6.727166175842285
4.873631477355957
1.6810163259506226
7.835376262664795
2.683562994003296
2.811216354370117
6.698337078094482
4.8935160636901855
1.7996277809143066
7.742732524871826
2.954374313354492
2.852532148361206
6.580488681793213
4.913069248199463
1.9162623882293701
7.651632785797119
3.220672130584717
3.0410404205322266
6.439181804656982
4.932296276092529
2.0309531688690186
7.562051296234131
3.4825315475463867
3.2264068126678467
6.300230026245117
4.951202869415283
2.1437323093414307
7.473962783813477
3.7400267124176025
3.4086837768554688
6.1635942459106445
4.969794273376465
2.254631757736206
7.38734245300293
3.9932303428649902
3.5879228115081787
6.029235363006592
4.988076210021973
2.363682985305786
7.302165985107422
4.242213726043701
3.764174461364746
5.897115707397461
5.006053447723389
2.470916748046875
7.218409061431885
4.4870476722717285
3.937488555908203
5.767198085784912
5.023730754852295
2.5763630867004395
7.136048316955566
4.7278008460998535
4.107913970947266
5.639445781707764
5.041113376617432
2.6800520420074463
7.055059909820557
4.964541435241699
4.27549934387207
5.513822555541992
5.058206558227539
2.782012939453125
6.97542142868042
5.197336196899414
4.440291404724121
5.390293121337891
5.075014591217041
2.8822743892669678
6.897110462188721
5.426251411437988
4.602336883544922
5.26882266998291
5.091542720794678
2.980865001678467
6.820104598999023
5.651351451873779
4.76168155670166
5.14937686920166
5.107795238494873
3.077812433242798
6.744381904602051
5.872699737548828
4.896420001983643
5.121407985687256
5.145727157592773
3.083657741546631
6.669921398162842
6.090358734130859
4.9689531326293945
5.172051906585693
5.202966213226318
3.011716365814209
6.636723041534424
6.303932189941406
5.014081001281738
5.226712226867676
5.259251117706299
2.940974235534668
6.630274295806885
6.509085655212402
5.058456897735596
5.28046178817749
5.314598083496094
2.871411085128784
6.623932838439941
6.710820198059082
5.10209321975708
5.333315372467041
5.369022369384766
2.8030073642730713
6.617697238922119
6.909192085266113
5.1450018882751465
5.385288238525391
5.422539710998535
2.735743522644043
6.611565589904785
7.104258060455322
5.187195777893066
5.436394691467285
5.475164890289307
2.66960072517395
6.605535984039307
7.296072959899902
5.228686332702637
5.486649513244629
5.526913166046143
2.604560375213623
6.599606990814209
7.4846906661987305
5.2694854736328125
5.53606653213501
5.577798843383789
2.5406041145324707
6.593776702880859
7.670165061950684
5.309604644775391
5.584660053253174
5.62783670425415
2.4777138233184814
6.588043689727783
7.852548122406006
5.34905481338501
5.632443904876709
5.6770405769348145
2.4158716201782227
6.582406044006348
8.031891822814941
5.387847423553467
5.679431438446045
5.725424289703369
2.35506010055542
6.576862335205078
8.208246231079102
5.425993919372559
5.725635528564453
5.773001670837402
2.295262098312378
6.5714111328125
8.381661415100098
5.463504314422607
5.771069526672363
5.819786071777344
2.2364606857299805
6.5660505294799805
8.552186012268066
5.500389575958252
5.815746307373047
5.865790843963623
2.1786394119262695
6.560779571533203
8.719868659973145
5.536660194396973
5.859678745269775
5.911028861999512
2.121781826019287
6.555596351623535
8.884757041931152
5.572326183319092
5.902878761291504
5.955513000488281
2.0658717155456543
6.550499439239502
9.046896934509277
5.60739803314209
5.945358753204346
5.999255657196045
2.0108935832977295
6.545487403869629
9.206334114074707
5.641885280609131
5.987130641937256
6.042269229888916
1.956831693649292
6.5405592918396
9.363114356994629
5.675797462463379
6.0282063484191895
6.08456563949585
1.9036707878112793
6.535713195800781
9.517281532287598
5.709144592285156
6.068597793579102
6.126157283782959
1.8513959646224976
6.530947685241699
9.668879508972168
5.741935729980469
6.108315944671631
6.167055606842041
1.799992322921753
6.508721828460693
9.80929183959961
5.7741804122924805
6.147372245788574
6.207272529602051
1.7494454383850098
6.463939666748047
9.92434310913086
5.805887699127197
6.185777187347412
6.246819019317627
1.699741005897522
6.419903755187988
10.037476539611816
5.837066650390625
6.223542213439941
6.285706520080566
1.6508649587631226
6.3766021728515625
10.148724555969238
5.867725849151611
6.260677814483643
6.323945999145508
1.6028035879135132
6.334022045135498
10.258118629455566
5.897874355316162
6.297194480895996
6.361547946929932
1.5555431842803955
6.29215145111084
10.365689277648926
5.927520275115967
6.333102703094482
6.398523330688477
1.5090705156326294
6.250978946685791
10.471467018127441
5.956672191619873
6.368412494659424
6.434882164001465
1.4633723497390747
6.2104926109313965
10.575481414794922
5.98533821105957
6.403133869171143
6.470635414123535
1.41843581199646
6.170680999755859
10.677762031555176
6.013526439666748
6.437276363372803
6.505792617797852
1.3742482662200928
6.131533145904541
10.778338432312012
6.0412445068359375
6.470849990844727
6.540363788604736
1.3307970762252808
6.0930376052856445
10.877238273620605
6.068500995635986
6.50386381149292
6.574358940124512
1.2880700826644897
6.055183410644531
10.97449016571045
6.095303058624268
6.536327362060547
6.607787609100342
1.246055245399475
6.017960071563721
11.070120811462402
6.1216583251953125
6.5682501792907715
6.640658855438232
1.2047406435012817
5.981357574462891
11.16415786743164
6.147574424743652
6.599640846252441
6.672982215881348
1.1641145944595337
5.945364952087402
11.256628036499023
6.17305850982666
6.6305084228515625
6.704766750335693
1.124165654182434
5.909972190856934
11.347557067871094
6.198117733001709
6.660861492156982
6.736021518707275
1.0848826169967651
5.875169277191162
11.436969757080078
6.22275972366333
6.690708637237549
6.7667555809021
1.046254277229309
5.840946197509766
11.524892807006836
6.24699068069458
6.720058441162109
6.796977519989014
1.0082696676254272
5.807293891906738
11.611350059509277
6.270817756652832
6.7489190101623535
6.816778182983398
1.0269454717636108
5.774202346801758
11.696366310119629
6.294248104095459
6.777298450469971
6.836248874664307
1.0453099012374878
5.74166202545166
11.779966354370117
6.317287921905518
6.80520486831665
6.8553948402404785
1.063368320465088
5.709664344787598
11.862173080444336
6.3399434089660645
6.832646369934082
6.8742218017578125
1.0811257362365723
5.678199768066406
11.943009376525879
6.3622212409973145
6.859630584716797
6.892735004425049
1.0985872745513916
5.647259712219238
12.02249813079834
6.384128093719482
6.886164665222168
6.910939693450928
1.115757703781128
5.616835117340088
12.100662231445312
6.405669689178467
6.912256717681885
6.9288411140441895
1.1326420307159424
5.586917877197266
12.177523612976074
6.426852226257324
6.93791389465332
6.946444034576416
1.1492449045181274
5.557499408721924
12.253104209899902
6.447681903839111
6.963143348693848
6.963753700256348
1.1655710935592651
5.528571128845215
12.327425003051758
6.468164443969727
6.98795223236084
6.980774879455566
1.1816251277923584
5.500124931335449
12.400506973266602
6.488305568695068
7.01234769821167
6.997512340545654
1.1974116563796997
5.4721527099609375
12.472371101379395
6.508111000061035
7.036336421966553
7.013970851898193
1.2129350900650024
5.444646835327148
12.543037414550781
6.527586460113525
7.059925556182861
7.030155181884766
1.2281997203826904
5.417599201202393
12.612525939941406
6.546737194061279
7.0831217765808105
7.046069622039795
1.243209958076477
5.391002655029297
12.680856704711914
6.565568447113037
7.105931282043457
7.061718940734863
1.2579700946807861
5.364849090576172
12.748047828674316
6.584085941314697
7.128360748291016
7.0771074295043945
1.2724841833114624
5.3391313552856445
12.814119338989258
6.602294921875
7.150416374206543
7.0922393798828125
1.2867563962936401
5.313842296600342
12.87908935546875
6.6202006340026855
7.172104358673096
7.107119083404541
1.3007906675338745
5.288974761962891
12.942976951599121
6.637807846069336
7.1934309005737305
7.121750831604004
1.3145910501480103
5.264521598815918
13.005800247192383
6.655121326446533
7.214401721954346
7.136138439178467
1.3281614780426025
5.240476131439209
13.06757640838623
6.672146320343018
7.235023021697998
7.150286674499512
1.341505765914917
5.216831207275391
13.12832260131836
6.688887596130371
7.255300521850586
7.164198875427246
1.3546276092529297
5.193580627441406
13.188055992126465
6.705349922180176
7.275240421295166
7.177879333496094
1.3675307035446167
5.170717716217041
13.246793746948242
6.721538066864014
7.2948479652404785
7.19133186340332
1.380218744277954
5.14823579788208
13.304553031921387
6.737456321716309
7.314128398895264
7.204559803009033
1.3926953077316284
5.126128673553467
13.361350059509277
6.753108978271484
7.333087921142578
7.217567443847656
1.4049639701843262
5.104389667510986
13.417200088500977
6.768500804901123
7.351731300354004
7.230358123779297
1.4170281887054443
5.08301305770874
13.472119331359863
6.783636093139648
7.370063781738281
7.242935657501221
1.4288913011550903
5.061992645263672
13.526123046875
6.798519134521484
7.38809061050415
7.255303859710693
1.4405566453933716
5.041322708129883
13.57922649383545
6.813154220581055
7.405817031860352
7.267465591430664
1.452027678489685
5.020997047424316
13.631444931030273
6.827545642852783
7.423248291015625
7.279424667358398
1.463307499885559
5.001010417938232
13.682793617248535
6.841696739196777
7.4403886795043945
7.291184425354004
1.4743993282318115
4.981356620788574
13.733285903930664
6.855612277984619
7.4572434425354
7.302748203277588
1.4853062629699707
4.962030410766602
13.782937049865723
6.869295597076416
7.473817348480225
7.314119338989258
1.496031403541565
4.943026542663574
13.83176040649414
6.882750988006592
7.490115165710449
7.325301170349121
1.5065778493881226
4.924339294433594
13.879770278930664
6.895982265472412
7.506141185760498
7.336296558380127
1.5169484615325928
4.90596342086792
13.926980018615723
6.908992767333984
7.521900177001953
7.347108364105225
1.5271462202072144
4.887894153594971
13.973402976989746
6.921786785125732
7.537396430969238
7.35774040222168
1.5371739864349365
4.870125770568848
14.019052505493164
6.934367656707764
7.5526347160339355
7.368195056915283
1.5470346212387085
4.852653503417969
14.06394100189209
6.9467387199401855
7.5676188468933105
7.378475666046143
1.5567309856414795
4.835472583770752
14.108080863952637
6.9589033126831055
7.582353115081787
7.388584613800049
1.5662657022476196
4.818577766418457
14.151485443115234
6.970865249633789
7.596841812133789
7.398525238037109
1.5756415128707886
4.80196475982666
14.19416618347168
6.982627868652344
7.61108922958374
7.408299922943115
1.5848610401153564
4.785628795623779
14.236135482788086
6.994194507598877
7.625099182128906
7.417912006378174
1.5939269065856934
4.769565105438232
14.277405738830566
7.005568504333496
7.638875484466553
7.427363872528076
1.6028417348861694
4.7537689208984375
14.317988395690918
7.01675271987915
7.6524224281311035
7.436657905578613
1.6116079092025757
4.738235950469971
14.357893943786621
7.027750492095947
7.665743350982666
7.445797443389893
1.6202280521392822
4.722961902618408
14.397134780883789
7.038565158843994
7.678842544555664
7.454784393310547
1.62870454788208
4.707942485809326
14.435721397399902
7.04919958114624
7.691723346710205
7.463621616363525
1.6370397806167603
4.693173408508301
14.473665237426758
7.046112537384033
7.6976237297058105
7.472311496734619
1.6452360153198242
4.678650379180908
14.510976791381836
7.043354511260986
7.703495502471924
7.480856418609619
1.653295636177063
4.664369583129883
14.547666549682617
7.040865421295166
7.709325313568115
7.489259243011475
1.661220908164978
4.6803083419799805
14.56529712677002
7.038595676422119
7.715102195739746
7.497521877288818
1.6690140962600708
4.695981502532959
14.582633972167969
7.036506652832031
7.720818519592285
7.505646705627441
1.6766774654388428
4.711393356323242
14.599681854248047
7.0345659255981445
7.726467609405518
7.513636112213135
1.6842130422592163
4.726548671722412
14.616445541381836
7.032748699188232
7.732045650482178
7.5214924812316895
1.6916230916976929
4.741451263427734
14.632929801940918
7.03103494644165
7.737548828125
7.529217720031738
1.6989096403121948
4.756105422973633
14.649139404296875
7.029407978057861
7.742975234985352
7.536814212799072
1.7060747146606445
4.770515441894531
14.665079116821289
7.027854919433594
7.748322486877441
7.544284343719482
1.7131203413009644
4.784685134887695
14.680752754211426
7.026364803314209
7.753590106964111
7.551630020141602
1.7200485467910767
4.798618793487549
14.696165084838867
7.024929523468018
7.758777618408203
7.5588531494140625
1.7268613576889038
4.812320232391357
14.711320877075195
7.0235419273376465
7.7638840675354
7.565956115722656
1.733560562133789
4.825793266296387
14.726223945617676
7.0221967697143555
7.7689104080200195
7.572940349578857
1.7401481866836548
4.839041709899902
14.740878105163574
7.0208892822265625
7.773857116699219
7.579808235168457
1.7466260194778442
4.85206937789917
14.755288124084473
7.019615650177002
7.778724193572998
7.586561679840088
1.7529958486557007
4.864880084991455
14.769458770751953
7.018373012542725
7.783513069152832
7.593202590942383
1.7592594623565674
4.877477169036865
14.783392906188965
7.0171589851379395
7.788223743438721
7.599732875823975
1.7654187679290771
4.889864444732666
14.797094345092773
7.015971660614014
7.792857646942139
7.606154441833496
1.7714754343032837
4.902045249938965
14.810567855834961
7.0148091316223145
7.797415733337402
7.612468719482422
1.7774311304092407
4.914022922515869
14.823816299438477
7.013669490814209
7.80189847946167
7.618678092956543
1.783287525177002
4.925800800323486
14.836844444274902
7.012552738189697
7.806307315826416
7.624783992767334
1.789046287536621
4.937382698059082
14.849655151367188
7.011456489562988
7.810643196105957
7.6307878494262695
1.7947090864181519
4.9487714767456055
14.862252235412598
7.010380744934082
7.814907073974609
7.636691570281982
1.8002774715423584
4.959970474243164
14.874639511108398
7.009324550628662
7.819100379943848
7.6424970626831055
1.8057531118392944
4.970982551574707
14.886820793151855
7.00828742980957
7.8232245445251465
7.648205757141113
1.8111374378204346
4.981811046600342
14.898798942565918
7.007268905639648
7.827280044555664
7.6538190841674805
1.8164321184158325
4.992459297180176
14.910577774047852
7.00626802444458
7.831268310546875
7.65933895111084
1.8216384649276733
5.002930164337158
14.922160148620605
7.005284309387207
7.835190296173096
7.664766788482666
1.8267580270767212
5.013226509094238
14.933548927307129
7.004317760467529
7.839046955108643
7.670104503631592
1.8317923545837402
5.023351192474365
14.944747924804688
7.0033674240112305
7.842839241027832
7.675353050231934
1.8367427587509155
5.033307075500488
14.95576000213623
7.002433776855469
7.846568584442139
7.680514335632324
1.8416106700897217
5.043097019195557
14.966588973999023
7.001515865325928
7.850235462188721
7.68558931350708
1.8463973999023438
5.0527238845825195
14.977237701416016
7.000613212585449
7.853841781616211
7.690579891204834
1.8511043787002563
5.062190055847168
14.987709045410156
6.999725818634033
7.857388019561768
7.695487022399902
1.8557329177856445
5.071498394012451
14.998005867004395
6.99885368347168
7.860875129699707
7.700312614440918
1.8602843284606934
5.080651760101318
15.00813102722168
6.997995853424072
7.864304065704346
7.705057621002197
1.8647598028182983
5.0896525382995605
15.018087387084961
6.997152328491211
7.86767578125
7.709723472595215
1.869160771369934
5.098503589630127
15.027877807617188
6.996323108673096
7.8709917068481445
7.714311599731445
1.8734883069992065
5.10720682144165
15.037505149841309
6.995507717132568
7.8742523193359375
7.718823432922363
1.8777437210083008
5.11576509475708
15.046971321105957
6.994706153869629
7.877458572387695
7.723259925842285
1.8819282054901123
5.124180793762207
15.056280136108398
6.993917942047119
7.880611419677734
7.7276225090026855
1.8860429525375366
5.132456302642822
15.065433502197266
6.993143081665039
7.883711814880371
7.731912612915039
1.8900891542434692
5.140593528747559
15.074434280395508
6.992380619049072
7.886760234832764
7.736131191253662
1.8940678834915161
5.148595333099365
15.083285331726074
6.991631031036377
7.889758110046387
7.740279197692871
1.8979803323745728
5.156463623046875
15.091988563537598
6.990894317626953
7.892705917358398
7.744358062744141
1.9018275737762451
5.164200782775879
15.100546836853027
6.990169525146484
7.895604610443115
7.748369216918945
1.9056106805801392
5.171809196472168
15.108963012695312
6.989457130432129
7.898454666137695
7.752313137054443
1.9093307256698608
5.179290771484375
15.117238998413086
6.98875617980957
7.901257514953613
7.756191730499268
1.9129887819290161
5.186647415161133
15.12537670135498
6.988067150115967
7.904013633728027
7.760005474090576
1.916585922241211
5.184940814971924
15.129066467285156
6.98738956451416
7.906723976135254
7.763755798339844
1.9201231002807617
5.18339729309082
15.132728576660156
6.98672342300415
7.909389019012451
7.767443656921387
1.9236012697219849
5.18198823928833
15.136357307434082
6.986068248748779
7.9120097160339355
7.7710700035095215
1.9270215034484863
5.180688858032227
15.139946937561035
6.985424041748047
7.914586544036865
7.7746357917785645
1.9303847551345825
5.179481029510498
15.143494606018066
6.984790325164795
7.917120456695557
7.778141975402832
1.9336919784545898
5.178348541259766
15.14699649810791
6.984167575836182
7.919611930847168
7.781589984893799
1.9369440078735352
5.177278995513916
15.150450706481934
6.983554840087891
7.922061920166016
7.784980297088623
1.9401419162750244
5.176263332366943
15.15385627746582
6.98295259475708
7.924471378326416
7.788314342498779
1.943286418914795
5.175292491912842
15.15721321105957
6.982360363006592
7.926840782165527
7.791592597961426
1.9463785886764526
5.174360752105713
15.16051959991455
6.981778144836426
7.929170608520508
7.794816493988037
1.9494192600250244
5.173462867736816
15.163774490356445
6.981205463409424
7.931461334228516
7.7979865074157715
1.9524091482162476
5.17259407043457
15.16697883605957
6.980642318725586
7.933713912963867
7.801103591918945
1.9553492069244385
5.171751976013184
15.170133590698242
6.980088710784912
7.935928821563721
7.804168701171875
1.958240270614624
5.170932769775391
15.173236846923828
6.979544162750244
7.938107013702393
7.807182788848877
1.961083173751831
5.170134544372559
15.176291465759277
6.979008674621582
7.940248966217041
7.810146808624268
1.9638787508010864
5.169355869293213
15.179296493530273
6.978482246398926
7.942355155944824
7.813061237335205
1.9666277170181274
5.168594837188721
15.182252883911133
6.977964401245117
7.9444260597229
7.815927028656006
1.9693307876586914
5.167850017547607
15.185160636901855
6.977455139160156
7.946462631225586
7.818745136260986
1.9719889163970947
5.167120933532715
15.188020706176758
6.976954460144043
7.948465347290039
7.821516513824463
1.9746026992797852
5.166406631469727
15.19083309173584
6.976462364196777
7.950434684753418
7.824241638183594
1.9771728515625
5.165705680847168
15.193599700927734
6.975977897644043
7.952371120452881
7.826921463012695
1.9797002077102661
5.165018558502197
15.196320533752441
6.975502014160156
7.954275131225586
7.829556465148926
1.9821854829788208
5.16434383392334
15.198996543884277
6.975033760070801
7.95614767074585
7.832147598266602
1.9846292734146118
5.163681507110596
15.201627731323242
6.974573612213135
7.957988739013672
7.834695339202881
1.987032413482666
5.163031101226807
15.204215049743652
6.97412109375
7.959799289703369
7.83720064163208
1.9893954992294312
5.162391662597656
15.206759452819824
6.973675727844238
7.9615797996521
7.839664459228516
1.991719126701355
5.161763668060303
15.209261894226074
6.973237991333008
7.963330268859863
7.8420867919921875
1.9940040111541748
5.161146640777588
15.211723327636719
6.97280740737915
7.965051651000977
7.84446907043457
1.996250867843628
5.1605401039123535
15.214143753051758
6.972383975982666
7.966744422912598
7.846811771392822
1.998460292816162
5.159943580627441
15.216524124145508
6.971967697143555
7.968409061431885
7.849115371704102
2.0006327629089355
5.15935754776001
15.218864440917969
6.971558570861816
7.970046043395996
7.851380348205566
2.0027692317962646
5.1587815284729
15.221165657043457
6.971156120300293
7.97165584564209
7.853607654571533
2.0048699378967285
5.158215522766113
15.223428726196289
6.970760345458984
7.973238468170166
7.85579776763916
2.0069355964660645
5.157658576965332
15.225653648376465
6.970371246337891
7.974794864654541
7.857951641082764
2.0089669227600098
5.157111167907715
15.2278413772583
6.969988822937012
7.976325511932373
7.860069274902344
2.0109643936157227
5.1565728187561035
15.229992866516113
6.9696125984191895
7.977830410003662
7.862151622772217
2.0129284858703613
5.156043529510498
15.232109069824219
6.969242572784424
7.979310035705566
7.864199638366699
2.014859914779663
5.155523300170898
15.234189987182617
6.968878746032715
7.980765342712402
7.866213321685791
2.016759157180786
5.1550116539001465
15.236235618591309
6.9685211181640625
7.98219633102417
7.868193626403809
2.0186266899108887
5.154508590698242
15.23824691772461
6.968169212341309
7.983603477478027
7.870140552520752
2.020463228225708
5.1540141105651855
15.240224838256836
6.967823505401611
7.984987258911133
7.8720550537109375
2.0222690105438232
5.153527736663818
15.242170333862305
6.9674835205078125
7.986347675323486
7.873937606811523
2.0240447521209717
5.153049468994141
15.244083404541016
6.967149257659912
7.987685680389404
7.875789165496826
2.0257909297943115
5.152579307556152
15.245964050292969
6.966820240020752
7.989001274108887
7.877609729766846
2.027508020401001
5.152116775512695
15.24781322479248
6.96649694442749
7.990294933319092
7.87939977645874
2.0291965007781982
5.1516618728637695
15.249631881713867
6.966178894042969
7.991567134857178
7.881160259246826
2.0308568477630615
5.151214599609375
15.251420021057129
6.9658660888671875
7.9928178787231445
7.8828911781311035
2.032489538192749
5.150774955749512
15.253178596496582
6.9655585289001465
7.994048118591309
7.884593486785889
2.034095048904419
5.1503424644470215
15.254907608032227
6.965256214141846
7.99525785446167
7.886267185211182
2.0356736183166504
5.149917125701904
15.256608009338379
6.964958667755127
7.9964470863342285
7.887913227081299
2.0372259616851807
5.14949893951416
15.258279800415039
6.964666366577148
7.997616767883301
7.88953161239624
2.038752555847168
5.149087905883789
15.259923934936523
6.964378833770752
7.998766899108887
7.891123294830322
2.0402536392211914
5.148683547973633
15.261540412902832
6.9640960693359375
7.9998979568481445
7.892688274383545
2.041729688644409
5.148285865783691
15.263130187988281
6.963818073272705
8.001009941101074
7.894227027893066
2.0431811809539795
5.147894859313965
15.264693260192871
6.963544845581055
8.002103805541992
7.895740032196045
2.0446083545684814
5.147510528564453
15.266230583190918
6.963275909423828
8.003179550170898
7.897228240966797
2.0460116863250732
5.147132396697998
15.267742156982422
6.963011264801025
8.004237174987793
7.898691654205322
2.047391653060913
5.146760940551758
15.2692289352417
6.962751388549805
8.005276679992676
7.900130271911621
2.048748731613159
5.146395683288574
15.27069091796875
6.962495803833008
8.006299018859863
7.90154504776001
2.0500831604003906
5.146036148071289
15.272128105163574
6.962244510650635
8.007304191589355
7.9029364585876465
2.0513954162597656
5.1456828117370605
15.273541450500488
6.9619975090026855
8.008293151855469
7.904304504394531
2.0526857376098633
5.1453351974487305
15.274930953979492
6.961754322052002
8.009264945983887
7.905649662017822
2.053954601287842
5.144993305206299
15.276297569274902
6.961515426635742
8.010220527648926
7.906972408294678
2.0552022457122803
5.144657135009766
15.277641296386719
6.961280345916748
8.011160850524902
7.908273220062256
2.056429147720337
5.144326686859131
15.278963088989258
6.9610490798950195
8.0120849609375
7.909552097320557
2.057635545730591
5.1440019607543945
15.28026294708252
6.960821628570557
8.012993812561035
7.9108099937438965
2.0588219165802
5.143682479858398
15.281540870666504
6.960597991943359
8.013887405395508
7.912046909332275
2.059988498687744
5.143368244171143
15.282797813415527
6.960378170013428
8.014766693115234
7.913263320922852
2.0611355304718018
5.143059253692627
15.28403377532959
6.960162162780762
8.015630722045898
7.914459228515625
2.0622634887695312
5.142755508422852
15.285248756408691
6.959949493408203
8.016480445861816
7.915635108947754
2.0633726119995117
5.142457008361816
15.286443710327148
6.95974063873291
8.017315864562988
7.9167914390563965
2.0644633769989014
5.142163276672363
15.287618637084961
6.959535121917725
8.01813793182373
7.917928695678711
2.0655360221862793
5.141874313354492
15.288773536682129
6.9593329429626465
8.018945693969727
7.919046878814697
2.0665907859802246
5.141590118408203
15.289909362792969
6.959134101867676
8.019740104675293
7.920146465301514
2.0676279067993164
5.141310691833496
15.29102611541748
6.9589385986328125
8.02052116394043
7.92122745513916
2.068647623062134
5.141036033630371
15.29212474822998
6.958746433258057
8.021289825439453
7.922290802001953
2.069650411605835
5.140766143798828
15.293205261230469
6.958557605743408
8.022045135498047
7.923336505889893
2.070636510848999
5.140500545501709
15.294267654418945
6.958371639251709
8.022788047790527
7.9243645668029785
2.071606159210205
5.140239238739014
15.29531192779541
6.958189010620117
8.023518562316895
7.925375461578369
2.0725595951080322
5.1399827003479
15.29633903503418
6.958009243011475
8.024236679077148
7.926369667053223
2.0734972953796387
5.139729976654053
15.297348976135254
6.9578328132629395
8.024943351745605
7.927347183227539
2.0744192600250244
5.139481544494629
15.298341751098633
6.9576592445373535
8.02563762664795
7.928308486938477
2.0753259658813477
5.139237403869629
15.299318313598633
6.957488536834717
8.026320457458496
7.929253578186035
2.0762174129486084
5.138997554779053
15.300278663635254
6.957320690155029
8.026991844177246
7.930182933807373
2.077094078063965
5.138761520385742
15.301222801208496
6.957155704498291
8.027652740478516
7.931097030639648
2.077956199645996
5.138529300689697
15.302151679992676
6.956993103027344
8.028302192687988
7.931995868682861
2.078803777694702
5.138300895690918
15.303064346313477
6.956833362579346
8.02894115447998
7.932879447937012
2.079637289047241
5.138076305389404
15.303961753845215
6.956676483154297
8.029569625854492
7.933748245239258
2.0804569721221924
5.137855529785156
15.304844856262207
6.956521987915039
8.030187606811523
7.934602737426758
2.0812630653381348
5.137638568878174
15.305712699890137
6.9563703536987305
8.030795097351074
7.935442924499512
2.0820555686950684
5.137424945831299
15.30656623840332
6.956221103668213
8.031392097473145
7.936269283294678
2.0828349590301514
5.1372151374816895
15.307405471801758
6.956074237823486
8.03197956085205
7.937081813812256
2.083601236343384
5.1370086669921875
15.308231353759766
6.955929756164551
8.032556533813477
7.937880992889404
2.084354877471924
5.136805534362793
15.309042930603027
6.955787658691406
8.033123970031738
7.938666820526123
2.0850958824157715
5.136606216430664
15.30984115600586
6.955647945404053
8.033681869506836
7.939439296722412
2.085824489593506
5.136409759521484
15.310626029968262
6.95551061630249
8.034231185913086
7.94019889831543
2.086540937423706
5.136216640472412
15.311397552490234
6.955375671386719
8.034770965576172
7.940946102142334
2.087245464324951
5.136026859283447
15.312156677246094
6.955243110656738
8.03530216217041
7.941680431365967
2.0879383087158203
5.13584041595459
15.31290340423584
6.955112457275391
8.035823822021484
7.9424028396606445
2.0886197090148926
5.135656833648682
15.313637733459473
6.954984188079834
8.036336898803711
7.943113327026367
2.089289665222168
5.135476589202881
15.314359664916992
6.95485782623291
8.03684139251709
7.943811893463135
2.0899484157562256
5.135299205780029
15.315069198608398
6.954733848571777
8.037337303161621
7.944498538970947
2.0905961990356445
5.135124683380127
15.315767288208008
6.954611778259277
8.037825584411621
7.945173740386963
2.091233253479004
5.134953022003174
15.316452980041504
6.95449161529541
8.038305282592773
7.94583797454834
2.0918595790863037
5.13478422164917
15.317127227783203
6.954373836517334
8.038777351379395
7.946491241455078
2.092475414276123
5.134618282318115
15.317790985107422
6.954257965087891
8.039241790771484
7.947133541107178
2.093080997467041
5.13445520401001
15.318443298339844
6.95414400100708
8.039697647094727
7.947764873504639
2.0936765670776367
5.1342949867248535
15.319085121154785
6.954031944274902
8.040146827697754
7.948385715484619
2.09426212310791
5.134137153625488
15.31971549987793
6.953921794891357
8.04058837890625
7.948996067047119
2.0948379039764404
5.133982181549072
15.320335388183594
6.953813552856445
8.041022300720215
7.949596405029297
2.0954041481018066
5.133829593658447
15.320945739746094
6.953706741333008
8.041448593139648
7.950186729431152
2.095961093902588
5.1336798667907715
15.321545600891113
6.953601837158203
8.041868209838867
7.950767517089844
2.096508741378784
5.133532524108887
15.322134971618652
6.953498840332031
8.042281150817871
7.951338291168213
2.0970470905303955
5.133387565612793
15.322714805603027
6.953397274017334
8.042686462402344
7.951899528503418
2.09757661819458
5.13324499130249
15.323285102844238
6.9532976150512695
8.043085098266602
7.952451705932617
2.098097324371338
5.1331048011779785
15.323845863342285
6.95319938659668
8.043477058410645
7.952994346618652
2.098609209060669
5.132966995239258
15.324397087097168
6.953103065490723
8.043862342834473
7.953527927398682
2.0991127490997314
5.132831573486328
15.324939727783203
6.95300817489624
8.044241905212402
7.954052925109863
2.0996077060699463
5.132698059082031
15.325472831726074
6.952914714813232
8.044614791870117
7.954568862915039
2.1000945568084717
5.132566928863525
15.325997352600098
6.952823162078857
8.044981956481934
7.955076217651367
2.1005733013153076
5.1324381828308105
15.326513290405273
6.952733039855957
8.045342445373535
7.955575466156006
2.101043939590454
5.1323113441467285
15.327020645141602
6.952644348144531
8.045697212219238
7.956066131591797
2.1015067100524902
5.1321868896484375
15.327519416809082
6.95255708694458
8.046046257019043
7.956548690795898
2.101961851119995
5.132064342498779
15.328009605407715
6.9524712562561035
8.04638957977295
7.9570231437683105
2.1024093627929688
5.131943702697754
15.328492164611816
6.952386856079102
8.046727180480957
7.957489967346191
2.1028494834899902
5.131824970245361
15.32896614074707
6.952303886413574
8.047059059143066
7.957948684692383
2.1032822132110596
5.13170862197876
15.329432487487793
6.9522223472595215
8.047385215759277
7.958399772644043
2.103707790374756
5.131594181060791
15.329891204833984
6.952142238616943
8.04770565032959
7.958843231201172
2.104126214981079
5.131481647491455
15.330342292785645
6.95206356048584
8.04802131652832
7.959279537200928
2.1045377254486084
5.131371021270752
15.330785751342773
6.951985836029053
8.048331260681152
7.9597086906433105
2.1049423217773438
5.131261825561523
15.331221580505371
6.95190954208374
8.048636436462402
7.96013069152832
2.1053402423858643
5.131154537200928
15.331649780273438
6.951834678649902
8.048935890197754
7.960545539855957
2.10573148727417
5.131049156188965
15.332071304321289
6.951760768890381
8.049230575561523
7.960953235626221
2.10611629486084
5.130945682525635
15.332486152648926
6.951688289642334
8.049520492553711
7.9613542556762695
2.106494665145874
5.130843639373779
15.332893371582031
6.951617240905762
8.049805641174316
7.9617486000061035
2.1068665981292725
5.130743503570557
15.333293914794922
6.951547145843506
8.05008602142334
7.962136268615723
2.1072323322296143
5.130644798278809
15.333687782287598
6.951478481292725
8.050361633300781
7.962517738342285
2.1075921058654785
5.130548000335693
15.334074974060059
6.95141077041626
8.05063247680664
7.962892532348633
2.1079459190368652
5.130452632904053
15.334456443786621
6.951344013214111
8.050898551940918
7.963261127471924
2.1082937717437744
5.130359172821045
15.334831237792969
6.9512786865234375
8.05116081237793
7.963623523712158
2.108635902404785
5.130267143249512
15.335199356079102
6.95121431350708
8.05141830444336
7.963980197906494
2.1089723110198975
5.130176544189453
15.335561752319336
6.951150894165039
8.051671981811523
7.964330673217773
2.1093029975891113
5.130087375640869
15.335918426513672
6.9510884284973145
8.051920890808105
7.964675426483154
2.109628200531006
5.12999963760376
15.336268424987793
6.9510273933410645
8.052165985107422
7.965014457702637
2.109947919845581
5.129913330078125
15.336612701416016
6.950967311859131
8.052407264709473
7.965347766876221
2.110262393951416
5.129828453063965
15.33695125579834
6.950908184051514
8.052643775939941
7.9656758308410645
2.1105716228485107
5.129745006561279
15.337284088134766
6.950850009918213
8.052876472473145
7.96599817276001
2.1108756065368652
5.129662990570068
15.337611198425293
6.9507927894592285
8.053105354309082
7.966315269470215
2.1111745834350586
5.129582405090332
15.337933540344238
6.9507365226745605
8.053330421447754
7.96662712097168
2.111468553543091
5.12950325012207
15.338250160217285
6.950681209564209
8.05355167388916
7.966933727264404
2.111757755279541
5.129425525665283
15.33856201171875
6.950626850128174
8.0537691116333
7.967235088348389
2.11204195022583
5.1293487548828125
15.338868141174316
6.950573444366455
8.053983688354492
7.967531681060791
2.112321615219116
5.129273414611816
15.3391695022583
6.950520992279053
8.054194450378418
7.967823028564453
2.1125965118408203
5.129199504852295
15.339465141296387
6.950469017028809
8.054401397705078
7.968109607696533
2.1128668785095215
5.12912654876709
15.33975601196289
6.950417995452881
8.054605484008789
7.968391418457031
2.1131327152252197
5.129055023193359
15.340042114257812
6.9503679275512695
8.054805755615234
7.968668460845947
2.113394021987915
5.128984451293945
15.340323448181152
6.950318813323975
8.055002212524414
7.968940734863281
2.1136510372161865
5.128915309906006
15.34060001373291
6.950270175933838
8.055195808410645
7.969208717346191
2.113903760910034
5.128847122192383
15.340871810913086
6.950222492218018
8.055386543273926
7.969472408294678
2.114152193069458
5.128780364990234
15.341139793395996
6.950175762176514
8.055573463439941
7.969731330871582
2.114396572113037
5.128714561462402
15.341403007507324
6.950129508972168
8.055757522583008
7.9699859619140625
2.1146368980407715
5.128649711608887
15.34166145324707
6.950084209442139
8.055938720703125
7.970236301422119
2.114873170852661
5.128586292266846
15.34191608428955
6.950039863586426
8.056117057800293
7.97048282623291
2.115105628967285
5.128523826599121
15.34216594696045
6.949995994567871
8.056292533874512
7.970725059509277
2.1153340339660645
5.128462314605713
15.342411994934082
6.949953079223633
8.056465148925781
7.970963478088379
2.115558624267578
5.128401756286621
15.34265422821045
6.949910640716553
8.056634902954102
7.971197605133057
2.1157796382904053
5.128342151641846
15.34289264678955
6.949869155883789
8.056801795959473
7.971427917480469
2.115996837615967
5.128283500671387
15.34312629699707
6.949828147888184
8.056965827941895
7.971654415130615
2.116210460662842
5.128225803375244
15.343356132507324
6.9497880935668945
8.057126998901367
7.971877098083496
2.1164205074310303
5.128169059753418
15.343582153320312
6.949748516082764
8.05728530883789
7.972095966339111
2.1166269779205322
5.128113269805908
15.343804359436035
6.949709415435791
8.057440757751465
7.972311496734619
2.1168301105499268
5.128058433532715
15.344022750854492
6.949671268463135
8.05759334564209
7.972523212432861
2.117029905319214
5.128004550933838
15.34423828125
6.949633598327637
8.057744026184082
7.972731590270996
2.1172263622283936
5.127951622009277
15.344449996948242
6.949596405029297
8.057891845703125
7.972936153411865
2.117419481277466
5.127899646759033
15.344657897949219
6.949560165405273
8.058037757873535
7.973137378692627
2.1176095008850098
5.1278486251831055
15.344862937927246
6.949524402618408
8.058180809020996
7.973335266113281
2.1177961826324463
5.127798557281494
15.345064163208008
6.949489116668701
8.058321952819824
7.973529815673828
2.1179797649383545
5.127748966217041
15.345261573791504
6.949454307556152
8.058460235595703
7.973721504211426
2.1181602478027344
5.127700328826904
15.34545612335205
6.94942045211792
8.05859661102295
7.973909854888916
2.118337869644165
5.127652645111084
15.345647811889648
6.949387073516846
8.058730125427246
7.974094867706299
2.1185123920440674
5.127605438232422
15.34583568572998
6.94935417175293
8.05886173248291
7.974277019500732
2.1186840534210205
5.127559185028076
15.346020698547363
6.949321746826172
8.058991432189941
7.974455833435059
2.1188528537750244
5.127513885498047
15.346202850341797
6.949289798736572
8.059118270874023
7.9746317863464355
2.119018793106079
5.127469062805176
15.346382141113281
6.949258327484131
8.059243202209473
7.974804878234863
2.1191821098327637
5.127425193786621
15.3465576171875
6.949227809906006
8.059366226196289
7.974975109100342
2.119342565536499
5.127381801605225
15.34673023223877
6.949197769165039
8.059487342834473
7.975142478942871
2.1195003986358643
5.1273393630981445
15.34689998626709
6.9491682052612305
8.059606552124023
7.975306987762451
2.1196556091308594
5.127297401428223
15.347066879272461
6.94913911819458
8.059723854064941
7.975468635559082
2.1198081970214844
5.127256393432617
15.347230911254883
6.949110507965088
8.059839248657227
7.975627899169922
2.1199584007263184
5.12721586227417
15.347393035888672
6.949082374572754
8.059952735900879
7.9757843017578125
2.1201059818267822
5.127176284790039
15.347552299499512
6.949054718017578
8.060064315795898
7.975938320159912
2.120251178741455
5.127137184143066
15.347708702087402
6.949027061462402
8.060173988342285
7.9760894775390625
2.120393991470337
5.127098560333252
15.347862243652344
6.949000358581543
8.060281753540039
7.976238250732422
2.1205344200134277
5.127060890197754
15.348013877868652
6.948973655700684
8.06038761138916
7.97638463973999
2.1206724643707275
5.127023696899414
15.348162651062012
6.948947429656982
8.060491561889648
7.976528644561768
2.1208081245422363
5.126986980438232
15.348308563232422
6.9489216804504395
8.060593605041504
7.976670265197754
2.120941638946533
5.126951217651367
15.3484525680542
6.948896408081055
8.060693740844727
7.976809501647949
2.121072769165039
5.12691593170166
15.348593711853027
6.948871612548828
8.060792922973633
7.9769463539123535
2.121201753616333
5.126881122589111
15.348732948303223
6.948871612548828
8.060792922973633
7.977080821990967
2.121328592300415
5.126846790313721
15.348869323730469
6.948871612548828
8.060792922973633
7.977212905883789
2.121453285217285
5.1268134117126465
15.349003791809082
6.948871612548828
8.060792922973633
7.9773430824279785
2.1215760707855225
5.1267805099487305
15.349136352539062
6.948871612548828
8.060792922973633
7.977470874786377
2.121696710586548
5.126748085021973
15.349266052246094
6.948871612548828
8.060792922973633
7.977596759796143
2.1218154430389404
5.126716136932373
15.349393844604492
6.948871612548828
8.060792922973633
7.977720260620117
2.121932029724121
5.126684665679932
15.349519729614258
6.948871612548828
8.060792922973633
7.977841854095459
2.122046709060669
5.126653671264648
15.34964370727539
6.948871612548828
8.060792922973633
7.977961540222168
2.122159481048584
5.126623153686523
15.349764823913574
6.948871612548828
8.060792922973633
7.978079319000244
2.122270345687866
5.126593112945557
15.349884033203125
6.948871612548828
8.060792922973633
7.9781951904296875
2.1223793029785156
5.126563549041748
15.350001335144043
6.948871612548828
8.060792922973633
7.97830867767334
2.1224865913391113
5.126534461975098
15.350116729736328
6.948871612548828
8.060792922973633
7.978420734405518
2.122591972351074
5.1265058517456055
15.35023021697998
6.948871612548828
8.060792922973633
7.9785308837890625
2.1226956844329834
5.1264777183532715
15.350341796875
6.948871612548828
8.060792922973633
7.978639125823975
2.122797727584839
5.126450061798096
15.350451469421387
6.948871612548828
8.060792922973633
7.978745460510254
2.1228981018066406
5.126422882080078
15.35055923461914
6.948871612548828
8.060792922973633
7.9788498878479
2.1229968070983887
5.126396179199219
15.350665092468262
6.948871612548828
8.060792922973633
7.978952884674072
2.123093843460083
5.126369953155518
15.350769996643066
6.948871612548828
8.060792922973633
7.979053974151611
2.1231892108917236
5.126344203948975
15.350872993469238
6.948871612548828
8.060792922973633
7.979153156280518
2.1232829093933105
5.12631893157959
15.350974082946777
6.948871612548828
8.060792922973633
7.979250907897949
2.123375177383423
5.126294136047363
15.351073265075684
6.948871612548828
8.060792922973633
7.979347229003906
2.1234657764434814
5.126294136047363
15.351073265075684
6.948871612548828
8.060792922973633
7.9794416427612305
2.1235549449920654
5.126294136047363
15.351073265075684
6.948871612548828
8.060792922973633
7.97953462600708
2.123642683029175
5.126294136047363
15.351073265075684
6.948871612548828
8.060792922973633
7.979626178741455
2.1237289905548096
5.126294136047363
15.351073265075684
6.948871612548828
8.060792922973633
7.979715824127197
2.1238138675689697
5.126294136047363
15.351073265075684
6.948871612548828
8.060792922973633
7.979804039001465
2.1238973140716553
5.126294136047363
15.351073265075684
6.948871612548828
8.060792922973633
7.979890823364258
2.123979330062866
5.126294136047363
15.351073265075684
6.948871612548828
8.060792922973633
7.979976177215576
2.1240599155426025
5.126294136047363
15.351073265075684
6.948871612548828
8.060792922973633
7.98006010055542
2.1241390705108643
5.126294136047363
15.351073265075684
6.948871612548828
8.060792922973633
7.980142593383789
2.1242170333862305
5.126294136047363
15.351073265075684
6.948871612548828
8.060792922973633
7.980223655700684
2.124293565750122
5.126294136047363
15.351073265075684
6.948871612548828
8.060792922973633
7.980303764343262
2.124368906021118
5.126294136047363
15.351073265075684
6.948871612548828
8.060792922973633
7.980382442474365
2.1244430541992188
5.126294136047363
15.351073265075684
6.948871612548828
8.060792922973633
7.980459690093994
2.124516010284424
5.126294136047363
15.351073265075684
6.948871612548828
8.060792922973633
7.980535507202148
2.1245877742767334
5.126294136047363
15.351073265075684
6.948871612548828
8.060792922973633
7.980610370635986
2.1246583461761475
5.126294136047363
15.351073265075684
6.948871612548828
8.060792922973633
7.98068380355835
2.124727725982666
5.126294136047363
15.351073265075684
