6.335878372192383
3.051396369934082
3.5193488597869873
3.501946210861206
6.407431602478027
5.081347465515137
8.059487342834473
2.0369150638580322
3.5193488597869873
3.501946210861206
6.407439231872559
5.0813307762146
8.620471000671387
1.186869502067566
3.5193488597869873
3.501946210861206
6.407444000244141
5.081320285797119
7.983964443206787
1.235328197479248
3.5193488597869873
3.501946210861206
6.407447338104248
5.081313610076904
7.438619613647461
1.556307077407837
3.5193488597869873
3.501946210861206
6.407449245452881
5.0813093185424805
6.9023637771606445
1.871936321258545
3.5193488597869873
3.501946210861206
6.407450199127197
5.081306457519531
6.3750457763671875
2.182305097579956
3.5193488597869873
3.501946210861206
6.407451152801514
5.081304550170898
5.856516361236572
2.4875011444091797
3.5193488597869873
3.501946210861206
6.40745210647583
5.081303596496582
5.367166996002197
2.7788431644439697
3.4988112449645996
3.510713577270508
6.40745210647583
5.081302642822266
5.261260032653809
2.902062177658081
3.1033291816711426
3.6826024055480957
6.40745210647583
5.081302165985107
5.157118320465088
3.0232274532318115
2.7144384384155273
3.851626396179199
6.40745210647583
5.081302165985107
5.054712295532227
3.1423733234405518
2.332029104232788
4.017833232879639
6.40745210647583
5.081302165985107
4.954012870788574
3.259533405303955
1.9559932947158813
4.181270122528076
6.40745210647583
5.081302165985107
4.854991912841797
3.3747408390045166
1.5862247943878174
4.341982841491699
6.40745210647583
5.081302165985107
4.7576212882995605
3.4880282878875732
1.2226190567016602
4.500017166137695
6.40745210647583
5.081302165985107
4.6618733406066895
3.5994274616241455
1.0698070526123047
4.636529445648193
6.40745210647583
5.081302165985107
4.567721366882324
3.708970069885254
1.2456003427505493
4.738227367401123
6.40745210647583
5.081302165985107
4.475138187408447
3.8166868686676025
1.4184637069702148
4.838230609893799
6.40745210647583
5.081302165985107
4.384098052978516
3.9226083755493164
1.588446021080017
4.9365668296813965
6.40745210647583
5.081302165985107
4.2945756912231445
4.026764392852783
1.755595326423645
5.03326416015625
6.40745210647583
5.081302165985107
4.206545352935791
4.129184722900391
1.9199588298797607
5.128349781036377
6.40745210647583
5.081302165985107
4.11998176574707
4.229897975921631
2.081583023071289
5.221850872039795
6.40745210647583
5.081302165985107
4.034861087799072
4.328932762145996
2.240513324737549
5.313793659210205
6.40745210647583
5.081302165985107
4.059911251068115
4.3797760009765625
2.2880425453186035
5.450745105743408
6.40745210647583
5.081302165985107
4.122607707977295
4.414261341094971
2.29671573638916
5.600924491882324
6.40745210647583
5.081302165985107
4.184259414672852
4.448172092437744
2.3052444458007812
5.748600482940674
6.40745210647583
5.081302165985107
4.2448835372924805
4.481517791748047
2.313631057739258
5.893815517425537
6.40745210647583
5.081302165985107
4.304497241973877
4.514307498931885
2.321877956390381
6.036610126495361
6.40745210647583
5.081302165985107
4.363117218017578
4.546550750732422
2.3299872875213623
6.177024841308594
6.40745210647583
5.081302165985107
4.420760631561279
4.578256607055664
2.337961435317993
6.315099239349365
6.40745210647583
5.081302165985107
4.477443218231201
4.609434127807617
2.3458027839660645
6.450872421264648
6.40745210647583
5.081302165985107
4.489091396331787
4.626449108123779
2.353513479232788
6.584383010864258
6.451541423797607
5.094944953918457
4.500545501708984
4.6431803703308105
2.361095666885376
6.715668201446533
6.494895935058594
5.108360290527344
4.5118088722229
4.659632682800293
2.36855149269104
6.8447651863098145
6.537528038024902
5.121551990509033
4.522884368896484
4.675810813903809
2.375882863998413
6.971710681915283
6.579449653625488
5.134523868560791
4.533775329589844
4.6917195320129395
2.383092164993286
7.096540451049805
6.620672225952148
5.147279739379883
4.544484615325928
4.707363128662109
2.390181303024292
7.219289779663086
6.661208152770996
5.159822940826416
4.555015563964844
4.722745895385742
2.3971521854400635
7.339993000030518
6.70106840133667
5.172157287597656
4.565371036529541
4.737872123718262
2.4040069580078125
7.458684921264648
6.740264415740967
5.184286117553711
4.575553894042969
4.75274658203125
2.410747528076172
7.5753984451293945
6.778807163238525
5.1962127685546875
4.585566997528076
4.767373085021973
2.4173758029937744
7.69016695022583
6.816707134246826
5.207940578460693
4.5954132080078125
4.7817559242248535
2.423893451690674
7.803022384643555
6.853975772857666
5.219472885131836
4.605095386505127
4.795898914337158
2.430302619934082
7.913997173309326
6.890623092651367
5.230813026428223
4.614616394042969
4.8098063468933105
2.4366049766540527
8.02312183380127
6.92665958404541
5.241963863372803
4.623978614807129
4.823481559753418
2.4428021907806396
8.130428314208984
6.962095737457275
5.252929210662842
4.633184909820557
4.836928844451904
2.4488961696624756
8.235945701599121
6.996941089630127
5.263711452484131
4.642237663269043
4.850152015686035
2.4548885822296143
8.339704513549805
7.031205654144287
5.274313926696777
4.651139259338379
4.863154888153076
2.4607810974121094
8.441734313964844
7.064899444580078
5.284739971160889
4.659892559051514
4.875941276550293
2.4665753841400146
8.54206371307373
7.098031520843506
5.294991970062256
4.668499946594238
4.888514518737793
2.472273111343384
8.640721321105957
7.130611419677734
5.305073261260986
4.676963806152344
4.900877952575684
2.4778759479522705
8.737733840942383
7.1626482009887695
5.314986705780029
4.685286998748779
4.9130353927612305
2.4833853244781494
8.8331298828125
7.194150924682617
5.324734687805176
4.693471431732178
4.924990177154541
2.488802909851074
8.926936149597168
7.225128650665283
5.334320545196533
4.70151948928833
4.936745643615723
2.4941301345825195
9.01917839050293
7.255589962005615
5.343746662139893
4.709433078765869
4.948305606842041
2.499368667602539
9.109883308410645
7.285543918609619
5.353015422821045
4.717215061187744
4.959672927856445
2.5045199394226074
9.199076652526855
7.314998626708984
5.3621296882629395
4.724867343902588
4.970850467681885
2.509585380554199
9.286783218383789
7.3439621925354
5.371092319488525
4.732391834259033
4.981842041015625
2.51456618309021
9.373028755187988
7.372443199157715
5.3799052238464355
4.739790916442871
4.992650032043457
2.5194640159606934
9.457836151123047
7.400449275970459
5.388571262359619
4.7446370124816895
4.992650032043457
2.524280309677124
9.541230201721191
7.4279890060424805
5.397092819213867
4.7494025230407715
4.992650032043457
2.5290162563323975
9.623234748840332
7.455069541931152
5.405472278594971
4.754088401794434
4.992650032043457
2.5336732864379883
9.703872680664062
7.481698513031006
5.413712501525879
4.758696556091309
4.992650032043457
2.538252830505371
9.783166885375977
7.5078840255737305
5.421815395355225
4.763227939605713
4.992650032043457
2.5427558422088623
9.861139297485352
7.533632755279541
5.429782867431641
4.767683506011963
4.992650032043457
2.5471839904785156
9.937811851501465
7.558952331542969
5.437617778778076
4.772064685821533
4.992650032043457
2.5515382289886475
10.013206481933594
7.583849906921387
5.445322036743164
4.776372909545898
4.992650032043457
2.5558199882507324
10.087345123291016
7.608332633972168
5.452898025512695
4.780609607696533
4.992650032043457
2.560030221939087
10.160247802734375
7.632407188415527
5.460347652435303
4.784775733947754
4.992650032043457
2.5641703605651855
10.231935501098633
7.656080722808838
5.467673301696777
4.788872241973877
4.992650032043457
2.568241596221924
10.302428245544434
7.6793599128723145
5.474876880645752
4.792900562286377
4.992650032043457
2.572244882583618
10.371746063232422
7.702250957489014
5.481960296630859
4.79686164855957
4.992650032043457
2.576181411743164
10.439908981323242
7.72476053237915
5.488925457000732
4.800756931304932
4.992650032043457
2.580052375793457
10.506935119628906
7.746894836425781
5.495774745941162
4.804586887359619
4.992650032043457
2.5838587284088135
10.572844505310059
7.768660068511963
5.502509593963623
4.808353424072266
4.992650032043457
2.587601661682129
10.637655258178711
7.79006290435791
5.509132385253906
4.812057018280029
4.992650032043457
2.591282367706299
10.701386451721191
7.8111090660095215
5.515644550323486
4.815699100494385
4.992650032043457
2.5949015617370605
10.764055252075195
7.831804275512695
5.522048473358154
4.81928014755249
4.992650032043457
2.5984604358673096
10.825679779052734
7.852154731750488
5.528345584869385
4.82280158996582
4.992650032043457
2.6019601821899414
10.886277198791504
7.872165679931641
5.5345377922058105
4.826264381408691
4.992650032043457
2.6054015159606934
10.9458646774292
7.891843318939209
5.540626525878906
4.82966947555542
4.992650032043457
2.608785390853882
11.0044584274292
7.911192893981934
5.546614170074463
4.833017826080322
4.992650032043457
2.6121129989624023
11.0620756149292
7.930220127105713
5.552501678466797
4.836310386657715
4.992650032043457
2.615385055541992
11.118732452392578
7.948930263519287
5.558291435241699
4.839548110961914
4.992650032043457
2.6186025142669678
11.174445152282715
7.9673285484313965
5.563984394073486
4.842731952667236
4.992650032043457
2.6217665672302246
11.229228973388672
7.985420227050781
5.569582462310791
4.84586238861084
4.992650032043457
2.624877691268921
11.283100128173828
8.003210067749023
5.575087547302246
4.848940849304199
4.992650032043457
2.627937078475952
11.336073875427246
8.020703315734863
5.580500602722168
4.851967811584473
4.992650032043457
2.6309454441070557
11.388164520263672
8.0379056930542
5.5858235359191895
4.854944705963135
4.992650032043457
2.633903741836548
11.439386367797852
8.054821014404297
5.591057777404785
4.857872009277344
4.992650032043457
2.636812686920166
11.489754676818848
8.071454048156738
5.59620475769043
4.860750198364258
4.992650032043457
2.6396732330322266
11.539283752441406
8.087810516357422
5.601265907287598
4.863580703735352
4.992650032043457
2.642486095428467
11.587986946105957
8.103894233703613
5.606242656707764
4.866364002227783
4.992650032043457
2.645251989364624
11.635878562927246
8.119709968566895
5.611136436462402
4.869100570678711
4.992650032043457
2.6479718685150146
11.682971954345703
8.135261535644531
5.615948677062988
4.871791839599609
4.992650032043457
2.650646448135376
11.729280471801758
8.150554656982422
5.620680809020996
4.874438285827637
4.992650032043457
2.6532764434814453
11.77481746673584
8.165592193603516
5.6253342628479
4.877040386199951
4.992650032043457
2.65586256980896
11.819595336914062
8.180378913879395
5.629909992218018
4.879599094390869
4.992650032043457
2.6584055423736572
11.863627433776855
8.19491958618164
5.634409427642822
4.882115364074707
4.992650032043457
2.6609060764312744
11.906925201416016
8.20921802520752
5.638833999633789
4.884589672088623
4.992650032043457
2.663364887237549
11.949501037597656
8.223278045654297
5.643184661865234
4.887022495269775
4.992650032043457
2.6657826900482178
11.99136734008789
8.237103462219238
5.647462844848633
4.8894147872924805
4.992650032043457
2.6681602001190186
12.032536506652832
8.250699043273926
5.651669502258301
4.891767501831055
4.992650032043457
2.6704981327056885
12.073019027709961
8.264067649841309
5.655806064605713
4.894080638885498
4.992650032043457
2.672797203063965
12.11282730102539
8.277213096618652
5.659873962402344
4.896355628967285
4.992650032043457
2.675057888031006
12.151971817016602
8.290140151977539
5.66387414932251
4.898592472076416
4.992650032043457
2.677280902862549
12.19046401977539
8.302851676940918
5.667807579040527
4.900792121887207
4.992650032043457
2.679466962814331
12.228314399719238
8.315351486206055
5.671675205230713
4.902955055236816
4.992650032043457
2.6816165447235107
12.265534400939941
8.327642440795898
5.675478458404541
4.905081748962402
4.992650032043457
2.683730363845825
12.302133560180664
8.339728355407715
5.679218292236328
4.907173156738281
4.992650032043457
2.6858088970184326
12.338123321533203
8.35161304473877
5.682895660400391
4.909229755401611
4.992650032043457
2.6878528594970703
12.373513221740723
8.363299369812012
5.686511993408203
4.911252021789551
4.992650032043457
2.6898627281188965
12.408312797546387
8.374791145324707
5.690068244934082
4.913240432739258
4.992650032043457
2.6918389797210693
12.442532539367676
8.386091232299805
5.6935648918151855
4.915195941925049
4.992650032043457
2.693782329559326
12.476181983947754
8.39720344543457
5.697003364562988
4.917119026184082
4.992650032043457
2.695693254470825
12.509270668029785
8.408130645751953
5.700384616851807
4.919009685516357
4.992650032043457
2.6975724697113037
12.541808128356934
8.418875694274902
5.703709602355957
4.920868873596191
4.992650032043457
2.699420213699341
12.573802947998047
8.429441452026367
5.706978797912598
4.922697067260742
4.992650032043457
2.701237201690674
12.605264663696289
8.439830780029297
5.710193634033203
4.924494743347168
4.992650032043457
2.703023910522461
12.636201858520508
8.450047492980957
5.71335506439209
4.926262855529785
4.992650032043457
2.7047808170318604
12.66662311553955
8.46009349822998
5.716463565826416
4.928001403808594
4.992650032043457
2.7065083980560303
12.696537971496582
8.469972610473633
5.719520568847656
4.929710865020752
4.992650032043457
2.708207368850708
12.725954055786133
8.479686737060547
5.722526550292969
4.931391716003418
4.992650032043457
2.7098779678344727
12.75487995147705
8.489238739013672
5.72548246383667
4.93304443359375
4.992650032043457
2.7115206718444824
12.783323287963867
8.498631477355957
5.728388786315918
4.9346699714660645
4.992650032043457
2.7131359577178955
12.81129264831543
8.507867813110352
5.7312469482421875
4.936268329620361
4.992650032043457
2.71472430229187
12.83879566192627
8.516950607299805
5.734057426452637
4.937839984893799
4.992650032043457
2.7162861824035645
12.865840911865234
8.52588176727295
5.736821174621582
4.939385414123535
4.992650032043457
2.7178220748901367
12.892435073852539
8.534664154052734
5.739538669586182
4.9409050941467285
4.992650032043457
2.719332456588745
12.918585777282715
8.543299674987793
5.742210865020752
4.942399501800537
4.992650032043457
2.7208175659179688
12.944300651550293
8.55179214477539
5.744838714599609
4.943869113922119
4.992650032043457
2.722277879714966
12.969587326049805
8.560142517089844
5.747422695159912
4.945313930511475
4.992650032043457
2.7237138748168945
12.994452476501465
8.568353652954102
5.749963760375977
4.94673490524292
4.992650032043457
2.725126028060913
13.018902778625488
8.576428413391113
5.752462387084961
4.948132038116455
4.992650032043457
2.7265145778656006
13.042945861816406
8.584368705749512
5.754919052124023
4.949505805969238
4.992650032043457
2.7278800010681152
13.066588401794434
8.59217643737793
5.757335186004639
4.950856685638428
4.992650032043457
2.7292227745056152
13.089837074279785
8.599853515625
5.759710788726807
4.952185153961182
4.992650032043457
2.7305431365966797
13.112698554992676
8.607402801513672
5.762046813964844
4.953491687774658
4.992650032043457
2.7318413257598877
13.135178565979004
8.614826202392578
5.764343738555908
4.954776287078857
4.992650032043457
2.7331180572509766
13.157283782958984
8.622125625610352
5.766602516174316
4.9560394287109375
4.992650032043457
2.7343733310699463
13.179020881652832
8.629303932189941
5.768823623657227
4.957281589508057
4.992650032043457
2.735607862472534
13.200395584106445
8.636362075805664
5.771008014678955
4.958503246307373
4.992650032043457
2.7368216514587402
13.221413612365723
8.643302917480469
5.773155689239502
4.959704399108887
4.992650032043457
2.7380151748657227
13.242081642150879
8.650128364562988
5.775267601013184
4.960885524749756
4.992650032043457
2.7391889095306396
13.262405395507812
8.656840324401855
5.777344226837158
4.962047100067139
4.992650032043457
2.7403430938720703
13.282390594482422
8.663439750671387
5.779386520385742
4.963189125061035
4.992650032043457
2.7414779663085938
13.302042007446289
8.669929504394531
5.7813944816589355
4.9643120765686035
4.992650032043457
2.742594003677368
13.321366310119629
8.676310539245605
5.783369064331055
4.965416431427002
4.992650032043457
2.7436914443969727
13.340368270874023
8.682585716247559
5.785310745239258
4.9665021896362305
4.992650032043457
2.7447705268859863
13.359053611755371
8.688755989074707
5.787220001220703
4.967569828033447
4.992650032043457
2.7458317279815674
13.37742805480957
8.694823265075684
5.789097785949707
4.9686198234558105
4.992650032043457
2.746875286102295
13.395496368408203
8.700789451599121
5.7909440994262695
4.96965217590332
4.992650032043457
2.747901439666748
13.413263320922852
8.706656455993652
5.792759418487549
4.970667362213135
4.992650032043457
2.748910427093506
13.430733680725098
8.71242618560791
5.794544696807861
4.971665859222412
4.992650032043457
2.7499024868011475
13.44791316986084
8.718099594116211
5.796300411224365
4.972647666931152
4.992650032043457
2.750878095626831
13.46480655670166
8.723678588867188
5.7980265617370605
4.9736127853393555
4.992650032043457
2.7518374919891357
13.481417655944824
8.729164123535156
5.799724102020264
4.974562168121338
4.992650032043457
2.7527809143066406
13.49775218963623
8.73455810546875
5.801393508911133
4.9754958152771
4.992650032043457
2.753708600997925
13.513814926147461
8.739862442016602
5.803034782409668
4.976413726806641
4.992650032043457
2.7546207904815674
13.529609680175781
8.745078086853027
5.8046488761901855
4.977316379547119
4.992650032043457
2.7555177211761475
13.545141220092773
8.75020694732666
5.8062357902526855
4.978203773498535
4.992650032043457
2.7563998699188232
13.56041431427002
8.755250930786133
5.807796478271484
4.979076385498047
4.992650032043457
2.7572672367095947
13.575432777404785
8.760210037231445
5.809330940246582
4.9799346923828125
4.992650032043457
2.758120059967041
13.590200424194336
8.765087127685547
5.810840129852295
4.980778694152832
4.992650032043457
2.7589588165283203
13.604722023010254
8.769882202148438
5.812324047088623
4.9816083908081055
4.992650032043457
2.7597835063934326
13.619001388549805
8.774598121643066
5.813783168792725
4.982424259185791
4.992650032043457
2.760594367980957
13.63304328918457
8.779234886169434
5.815217971801758
4.983226776123047
4.992650032043457
2.7613918781280518
13.6468505859375
8.783794403076172
5.816628932952881
4.984015941619873
4.992650032043457
2.762176036834717
13.660428047180176
8.788278579711914
5.818016529083252
4.9847917556762695
4.992650032043457
2.7629470825195312
13.673779487609863
8.79268741607666
5.819380760192871
4.9855546951293945
4.992650032043457
2.763705253601074
13.686907768249512
8.797022819519043
5.8207221031188965
4.986304759979248
4.992650032043457
2.764450788497925
13.699817657470703
8.801285743713379
5.8220415115356445
4.987042427062988
4.992650032043457
2.765183925628662
13.712512016296387
8.8054780960083
5.823338508605957
4.987767696380615
4.992650032043457
2.7659049034118652
13.724995613098145
8.809600830078125
5.82461404800415
4.988481044769287
4.992650032043457
2.766613721847534
13.73727035522461
8.813654899597168
5.825868606567383
4.989182472229004
4.992650032043457
2.767310857772827
13.749341011047363
8.817641258239746
5.827102184295654
4.989872455596924
4.992650032043457
2.767996311187744
13.761210441589355
8.821560859680176
5.828315258026123
4.990550518035889
4.992650032043457
2.7686703205108643
13.772881507873535
8.82541561126709
5.829507827758789
4.991217613220215
4.992650032043457
2.7693331241607666
13.784358024597168
8.829205513000488
5.830680847167969
4.991873264312744
4.992650032043457
2.7699849605560303
13.79564380645752
8.832932472229004
5.831834316253662
4.992517948150635
4.992650032043457
2.7706258296966553
13.806741714477539
8.836597442626953
5.832968235015869
4.993152141571045
4.992650032043457
2.7712559700012207
13.817654609680176
8.840201377868652
5.834083557128906
4.993775844573975
4.992650032043457
2.7718756198883057
13.828385353088379
8.843745231628418
5.835180282592773
4.994389057159424
4.992650032043457
2.7724850177764893
13.838936805725098
8.847229957580566
5.836258411407471
4.994992256164551
4.992650032043457
2.7730841636657715
13.849312782287598
8.850656509399414
5.8373188972473145
4.995584964752197
4.992650032043457
2.7736735343933105
13.859516143798828
8.854025840759277
5.838361740112305
4.99616813659668
4.992650032043457
2.7742528915405273
13.869548797607422
8.857338905334473
5.839386940002441
4.99674129486084
4.992650032043457
2.77482271194458
13.879414558410645
8.860596656799316
5.840394973754883
4.997304916381836
4.992650032043457
2.7753829956054688
13.889116287231445
8.863800048828125
5.841386318206787
4.997859477996826
4.992650032043457
2.7759339809417725
13.898655891418457
8.866950035095215
5.842360973358154
4.998404502868652
4.992650032043457
2.776475667953491
13.908036231994629
8.870047569274902
5.843319416046143
4.998940467834473
4.992650032043457
2.777008295059204
13.91726016998291
8.873093605041504
5.84426212310791
4.999467372894287
4.992650032043457
2.7775321006774902
13.92633056640625
8.876089096069336
5.845189094543457
4.999985694885254
4.992650032043457
2.7780473232269287
13.935250282287598
8.879034996032715
5.846100330352783
5.000495433807373
4.992650032043457
2.7785539627075195
13.944021224975586
8.88193130493164
5.846996784210205
5.0009965896606445
4.992650032043457
2.7790520191192627
13.952646255493164
8.88477897644043
5.8478779792785645
5.001489639282227
4.992650032043457
2.7795417308807373
13.961127281188965
8.887579917907715
5.8487443923950195
5.001974105834961
4.992650032043457
2.7800233364105225
13.969467163085938
8.890334129333496
5.8495965003967285
5.002450466156006
4.992650032043457
2.780496835708618
13.977667808532715
8.89304256439209
5.850434303283691
5.0029191970825195
4.992650032043457
2.7809624671936035
13.985732078552246
8.895705223083496
5.851258277893066
5.003379821777344
4.992650032043457
2.7814204692840576
13.993661880493164
8.898324012756348
5.8520684242248535
5.003832817077637
4.992650032043457
2.7818708419799805
14.001459121704102
8.900898933410645
5.852865219116211
5.004278182983398
4.992650032043457
2.782313585281372
14.009126663208008
8.903430938720703
5.853648662567139
5.004716396331787
4.992650032043457
2.7827489376068115
14.016666412353516
8.90592098236084
5.854419231414795
5.005147457122803
4.992650032043457
2.783177137374878
14.024080276489258
8.908369064331055
5.85517692565918
5.005570888519287
4.992650032043457
2.7835981845855713
14.031370162963867
8.910776138305664
5.855921745300293
5.005987644195557
4.992650032043457
2.7840123176574707
14.038538932800293
8.913143157958984
5.856654167175293
5.006397247314453
4.992650032043457
2.784419536590576
14.045588493347168
8.915471076965332
5.857374668121338
5.006800174713135
4.992650032043457
2.7848198413848877
14.052520751953125
8.917759895324707
5.8580827713012695
5.007196426391602
4.992650032043457
2.7852134704589844
14.05933666229248
8.920010566711426
5.858779430389404
5.0075860023498535
4.992650032043457
2.7856006622314453
14.066039085388184
8.922224044799805
5.859464168548584
5.007968902587891
4.992650032043457
2.7859814167022705
14.072629928588867
8.924400329589844
5.860137462615967
5.008345603942871
4.992650032043457
2.78635573387146
14.079111099243164
8.92654037475586
5.860799789428711
5.008716106414795
4.992650032043457
2.7867238521575928
14.085484504699707
8.928645133972168
5.861451148986816
5.009080410003662
4.992650032043457
2.787085771560669
14.091751098632812
8.93071460723877
5.862091541290283
5.009438514709473
4.992650032043457
2.7874417304992676
14.09791374206543
8.93274974822998
5.8627214431762695
5.009790897369385
4.992650032043457
2.7877917289733887
14.103973388671875
8.9347505569458
5.863340854644775
5.01013708114624
4.992650032043457
2.7881357669830322
14.109931945800781
8.936717987060547
5.863949775695801
5.010477542877197
4.992650032043457
2.7884740829467773
14.115791320800781
8.938652992248535
5.864548683166504
5.010812282562256
4.992650032043457
2.788806915283203
14.121553421020508
8.940555572509766
5.865137577056885
5.011141300201416
4.992650032043457
2.7891340255737305
14.127219200134277
8.942426681518555
5.865716457366943
5.011465072631836
4.992650032043457
2.7894558906555176
14.132790565490723
8.944266319274902
5.866285800933838
5.011783599853516
4.992650032043457
2.7897722721099854
14.138269424438477
8.946075439453125
5.866845607757568
5.012096881866455
4.992650032043457
2.790083408355713
14.143656730651855
8.947854042053223
5.867395877838135
5.012404918670654
4.992650032043457
2.7903892993927
14.148954391479492
8.949603080749512
5.867937088012695
5.012707710266113
4.992650032043457
2.7906901836395264
14.154163360595703
8.951323509216309
5.86846923828125
5.013005256652832
4.992650032043457
2.7909860610961914
14.159285545349121
8.953015327453613
5.868992805480957
5.013298034667969
4.992650032043457
2.7912769317626953
14.164322853088379
8.954678535461426
5.869507312774658
5.013586044311523
4.992650032043457
2.791563034057617
14.169276237487793
8.956314086914062
5.870013236999512
5.013869285583496
4.992650032043457
2.791844367980957
14.17414665222168
8.957921981811523
5.870511054992676
5.014147758483887
4.992650032043457
2.792120933532715
14.178936004638672
8.959503173828125
5.871000289916992
5.014421463012695
4.992650032043457
2.7923929691314697
14.183645248413086
8.961058616638184
5.871481418609619
5.014690399169922
4.992650032043457
2.7926604747772217
14.188276290893555
8.9625883102417
5.871954441070557
5.014955043792725
4.992650032043457
2.7929234504699707
14.192830085754395
8.964092254638672
5.872419834136963
5.0152153968811035
4.992650032043457
2.793182134628296
14.197307586669922
8.965571403503418
5.872877597808838
5.015471458435059
4.992650032043457
2.7934365272521973
14.20171070098877
8.967025756835938
5.873327732086182
5.01572322845459
4.992650032043457
2.793686628341675
14.206040382385254
8.96845531463623
5.873770236968994
5.015970706939697
4.992650032043457
2.7939324378967285
14.210297584533691
8.969861030578613
5.874205112457275
5.016213893890381
4.992650032043457
2.7941741943359375
14.214484214782715
8.971243858337402
5.874632835388184
5.016453266143799
4.992650032043457
2.7944118976593018
14.21860122680664
8.972603797912598
5.875053405761719
5.016688346862793
4.992650032043457
2.7946457862854004
14.222649574279785
8.9739408493042
5.875467300415039
5.0169196128845215
4.992650032043457
2.7948756217956543
14.226630210876465
8.975255012512207
5.875874042510986
5.017147064208984
4.992650032043457
2.7951016426086426
14.230545043945312
8.976547241210938
5.876274108886719
5.017370700836182
4.992650032043457
2.7953238487243652
14.234394073486328
8.977818489074707
5.876667499542236
5.017590522766113
4.992650032043457
2.7955424785614014
14.238179206848145
8.979068756103516
5.877054214477539
5.0178070068359375
4.992650032043457
2.795757532119751
14.241901397705078
8.980298042297363
5.877434730529785
5.018019676208496
4.992650032043457
2.795969009399414
14.245561599731445
8.98150634765625
5.877808570861816
5.018229007720947
4.992650032043457
2.7961769104003906
14.249160766601562
8.982694625854492
5.878176212310791
5.018434524536133
4.992650032043457
2.7963812351226807
14.252699851989746
8.98386287689209
5.878537654876709
5.018636703491211
4.992650032043457
2.7965822219848633
14.256179809570312
8.98501205444336
5.8788933753967285
5.018835544586182
4.992650032043457
2.7967798709869385
14.259601593017578
8.9861421585083
5.879242897033691
5.019031047821045
4.992650032043457
2.7969741821289062
14.26296615600586
8.987253189086914
5.879586696624756
5.019223213195801
4.992650032043457
2.7971653938293457
14.266275405883789
8.988346099853516
5.879924774169922
5.019412517547607
4.992650032043457
2.7973532676696777
14.269529342651367
8.989420890808105
5.8802571296691895
5.019598484039307
4.992650032043457
2.7975380420684814
14.27272891998291
8.990477561950684
5.880584239959717
5.019781112670898
4.992650032043457
2.797719717025757
14.275875091552734
8.990477561950684
5.88079833984375
5.019960880279541
4.992650032043457
2.797898292541504
14.278968811035156
8.990477561950684
5.881009101867676
5.020137786865234
4.992650032043457
2.7980740070343018
14.282011032104492
8.990477561950684
5.881216526031494
5.0203118324279785
4.992650032043457
2.7982468605041504
14.285002708435059
8.990477561950684
5.881420135498047
5.020483016967773
4.992650032043457
2.79841685295105
14.287944793701172
8.990477561950684
5.881620407104492
5.020651340484619
4.992650032043457
2.798583984375
14.290837287902832
8.990477561950684
5.88181734085083
5.020816802978516
4.992650032043457
2.798748254776001
14.293682098388672
8.990477561950684
5.8820109367370605
5.020979404449463
4.992650032043457
2.798909902572632
14.296479225158691
8.990477561950684
5.882201671600342
5.021139144897461
4.992650032043457
2.7990686893463135
14.299229621887207
8.990477561950684
5.882389068603516
5.021296501159668
4.992650032043457
2.799224853515625
14.301934242248535
8.990477561950684
5.882573127746582
5.021450996398926
4.992650032043457
2.7993783950805664
14.304594039916992
8.990477561950684
5.882754325866699
5.021603107452393
4.992650032043457
2.7995293140411377
14.307209014892578
8.990477561950684
5.882932662963867
5.02175235748291
4.992650032043457
2.799677848815918
14.30978012084961
8.990477561950684
5.883107662200928
5.021899223327637
4.992650032043457
2.7998239994049072
14.312309265136719
8.990477561950684
5.883279800415039
5.022043704986572
4.992650032043457
2.7999675273895264
14.31479549407959
8.990477561950684
5.883449077606201
5.022185802459717
4.992650032043457
2.8001086711883545
14.317240715026855
8.990477561950684
5.883615493774414
5.02232551574707
4.992650032043457
2.8002474308013916
14.319644927978516
8.990477561950684
5.883779048919678
5.022462844848633
4.992650032043457
2.800384044647217
14.322009086608887
8.990477561950684
5.88394021987915
5.022597789764404
4.992650032043457
2.800518274307251
14.324334144592285
8.990477561950684
5.884098529815674
5.022730827331543
4.992650032043457
2.8006503582000732
14.326620101928711
8.990477561950684
5.884254455566406
5.022861480712891
4.992650032043457
2.8007802963256836
14.32886791229248
8.990477561950684
5.8844075202941895
5.022989749908447
4.992650032043457
2.800907850265503
14.33107852935791
8.990477561950684
5.884558200836182
5.023116111755371
4.992650032043457
2.8010334968566895
14.333251953125
8.990477561950684
5.884706497192383
5.023240089416504
4.992650032043457
2.801156997680664
14.335389137268066
8.990477561950684
5.884851932525635
5.023362159729004
4.992650032043457
2.8012783527374268
14.337491035461426
8.990477561950684
5.884994983673096
5.023482322692871
4.992650032043457
2.8013978004455566
14.339557647705078
8.990477561950684
5.885135650634766
5.0236005783081055
4.992650032043457
2.8015151023864746
14.34158992767334
8.990477561950684
5.8852739334106445
5.023716926574707
4.992650032043457
2.8016304969787598
14.343588829040527
8.990477561950684
5.885409832000732
5.023831367492676
4.992650032043457
2.801743984222412
14.34555435180664
8.990477561950684
5.8855438232421875
5.023943901062012
4.992650032043457
2.8018555641174316
14.34748649597168
8.990477561950684
5.885675430297852
5.024054527282715
4.992650032043457
2.8019652366638184
14.349387168884277
8.990477561950684
5.885804653167725
5.024163246154785
4.992650032043457
2.8020732402801514
14.351255416870117
8.990477561950684
5.885931968688965
5.024270057678223
4.992650032043457
2.8021793365478516
14.353093147277832
8.990477561950684
5.886056900024414
5.024374961853027
4.992650032043457
2.802283763885498
14.354900360107422
8.990477561950684
5.8861799240112305
5.024478435516357
4.992650032043457
2.8023862838745117
14.356677055358887
8.990477561950684
5.886301040649414
5.024580001831055
4.992650032043457
2.8024871349334717
14.358424186706543
8.990477561950684
5.886420249938965
5.024580001831055
4.992650032043457
2.802586317062378
14.36014175415039
8.990477561950684
5.886537075042725
5.024580001831055
4.992650032043457
2.8026838302612305
14.361830711364746
8.990477561950684
5.886651992797852
5.024580001831055
4.992650032043457
2.8027796745300293
14.363492012023926
8.990477561950684
5.886765003204346
5.024580001831055
4.992650032043457
2.8028740882873535
14.36512565612793
8.990477561950684
5.886876106262207
5.024580001831055
4.992650032043457
2.802966833114624
14.366731643676758
8.990477561950684
5.8869853019714355
5.024580001831055
4.992650032043457
2.80305814743042
14.368310928344727
8.990477561950684
5.8870930671691895
5.024580001831055
4.992650032043457
2.803147792816162
14.369864463806152
8.990477561950684
5.8871989250183105
5.024580001831055
4.992650032043457
2.8032360076904297
14.371391296386719
8.990477561950684
5.887302875518799
5.024580001831055
4.992650032043457
2.8033227920532227
14.372893333435059
8.990477561950684
5.8874053955078125
5.024580001831055
4.992650032043457
2.803408145904541
14.374370574951172
8.990477561950684
5.8874053955078125
5.024580001831055
4.992650032043457
2.8034920692443848
14.375823020935059
8.990477561950684
5.8874053955078125
5.024580001831055
4.992650032043457
2.803574562072754
14.377250671386719
8.990477561950684
5.8874053955078125
5.024580001831055
4.992650032043457
2.8036556243896484
14.378654479980469
8.990477561950684
5.8874053955078125
5.024580001831055
4.992650032043457
2.8037352561950684
14.380035400390625
8.990477561950684
5.8874053955078125
5.024580001831055
4.992650032043457
2.8038136959075928
14.381393432617188
8.990477561950684
5.8874053955078125
5.024580001831055
4.992650032043457
2.8038907051086426
14.382728576660156
8.990477561950684
5.8874053955078125
5.024580001831055
4.992650032043457
2.803966522216797
14.384041786193848
8.990477561950684
5.8874053955078125
5.024580001831055
4.992650032043457
2.8040411472320557
14.385333061218262
8.990477561950684
5.8874053955078125
5.024580001831055
4.992650032043457
2.804114580154419
14.386602401733398
8.990477561950684
5.8874053955078125
5.024580001831055
4.992650032043457
2.8041865825653076
14.387850761413574
8.990477561950684
5.8874053955078125
5.024580001831055
4.992650032043457
2.804257392883301
14.389078140258789
8.990477561950684
5.8874053955078125
5.024580001831055
4.992650032043457
2.8043270111083984
14.39028549194336
8.990477561950684
5.8874053955078125
5.024580001831055
4.992650032043457
2.8043956756591797
14.391472816467285
8.990477561950684
5.8874053955078125
5.024580001831055
4.992650032043457
2.8044631481170654
14.392640113830566
8.990477561950684
5.8874053955078125
5.024580001831055
4.992650032043457
2.8045294284820557
14.393787384033203
8.990477561950684
5.8874053955078125
5.024580001831055
4.992650032043457
2.8045945167541504
14.394915580749512
8.990477561950684
5.8874053955078125
5.024580001831055
4.992650032043457
2.8046586513519287
14.396025657653809
8.990477561950684
5.8874053955078125
5.024580001831055
4.992650032043457
2.8047215938568115
14.397116661071777
8.990477561950684
5.8874053955078125
5.024580001831055
4.992650032043457
2.804783582687378
14.398189544677734
8.990477561950684
5.8874053955078125
5.024580001831055
4.992650032043457
2.804844617843628
14.39924430847168
8.990477561950684
5.8874053955078125
5.024580001831055
4.992650032043457
2.8049044609069824
14.40028190612793
8.990477561950684
5.8874053955078125
5.024580001831055
4.992650032043457
2.8049633502960205
14.401302337646484
8.990477561950684
5.8874053955078125
5.024580001831055
4.992650032043457
2.805021286010742
14.402305603027344
8.990477561950684
5.8874053955078125
5.024580001831055
4.992650032043457
2.8050782680511475
14.403292655944824
8.990477561950684
5.8874053955078125
5.024580001831055
4.992650032043457
2.8051342964172363
14.40426254272461
8.990477561950684
5.8874053955078125
5.024580001831055
4.992650032043457
2.805189371109009
14.405216217041016
8.990477561950684
5.8874053955078125
5.024580001831055
4.992650032043457
2.805243492126465
14.40615463256836
8.990477561950684
5.8874053955078125
5.024580001831055
4.992650032043457
2.8052966594696045
14.407076835632324
8.990477561950684
5.8874053955078125
5.024580001831055
4.992650032043457
2.805349111557007
14.407983779907227
8.990477561950684
5.8874053955078125
5.024580001831055
4.992650032043457
2.8054006099700928
14.408875465393066
8.990477561950684
5.8874053955078125
5.024580001831055
4.992650032043457
2.8054511547088623
14.40975284576416
8.990477561950684
5.8874053955078125
5.024580001831055
4.992650032043457
2.8055009841918945
14.410614967346191
8.990477561950684
5.8874053955078125
5.024580001831055
4.992650032043457
2.8055498600006104
14.411462783813477
8.990477561950684
5.8874053955078125
5.024580001831055
4.992650032043457
2.805598020553589
14.412296295166016
8.990477561950684
5.8874053955078125
5.024580001831055
4.992650032043457
2.80564546585083
14.413116455078125
8.990477561950684
5.8874053955078125
5.024580001831055
4.992650032043457
2.805691957473755
14.413923263549805
8.990477561950684
5.8874053955078125
5.024580001831055
4.992650032043457
2.8057377338409424
14.414715766906738
8.990477561950684
5.8874053955078125
5.024580001831055
4.992650032043457
2.8057827949523926
14.415495872497559
8.990477561950684
5.8874053955078125
5.024580001831055
4.992650032043457
2.8058271408081055
14.41626262664795
8.990477561950684
5.8874053955078125
5.024580001831055
4.992650032043457
2.805870771408081
14.417016983032227
8.990477561950684
5.8874053955078125
5.024580001831055
4.992650032043457
2.8059136867523193
14.417757987976074
8.990477561950684
5.8874053955078125
5.024580001831055
4.992650032043457
2.8059558868408203
14.418486595153809
8.990477561950684
5.8874053955078125
5.024580001831055
4.992650032043457
2.805997371673584
14.419203758239746
8.990477561950684
5.8874053955078125
5.024580001831055
4.992650032043457
2.8060381412506104
14.41990852355957
8.990477561950684
5.8874053955078125
5.024580001831055
4.992650032043457
2.8060781955718994
14.420601844787598
8.990477561950684
5.8874053955078125
5.024580001831055
4.992650032043457
2.806117534637451
14.421283721923828
8.990477561950684
5.8874053955078125
5.024580001831055
4.992650032043457
2.8061561584472656
14.421954154968262
8.990477561950684
5.8874053955078125
5.024580001831055
4.992650032043457
2.806194305419922
14.422613143920898
8.990477561950684
5.8874053955078125
5.024580001831055
4.992650032043457
2.806231737136841
14.423261642456055
8.990477561950684
5.8874053955078125
5.024580001831055
4.992650032043457
2.8062684535980225
14.423898696899414
8.990477561950684
5.8874053955078125
5.024580001831055
4.992650032043457
2.806304693222046
14.424525260925293
8.990477561950684
5.8874053955078125
5.024580001831055
4.992650032043457
2.806340217590332
14.425141334533691
8.990477561950684
5.8874053955078125
5.024580001831055
4.992650032043457
2.80637526512146
14.42574691772461
8.990477561950684
5.8874053955078125
5.024580001831055
4.992650032043457
2.8064095973968506
14.426342964172363
8.990477561950684
5.8874053955078125
5.024580001831055
4.992650032043457
2.806443452835083
14.426928520202637
8.990477561950684
5.8874053955078125
5.024580001831055
4.992650032043457
2.8064768314361572
14.427504539489746
8.990477561950684
5.8874053955078125
5.024580001831055
4.992650032043457
2.806509494781494
14.428071022033691
8.990477561950684
5.8874053955078125
5.024580001831055
4.992650032043457
2.806541681289673
14.428627967834473
8.990477561950684
5.8874053955078125
5.024580001831055
4.992650032043457
2.8065733909606934
14.42917537689209
8.990477561950684
5.8874053955078125
5.024580001831055
4.992650032043457
2.8066043853759766
14.42971420288086
8.990477561950684
5.8874053955078125
5.024580001831055
4.992650032043457
2.8066349029541016
14.430243492126465
8.990477561950684
5.8874053955078125
5.024580001831055
4.992650032043457
2.8066649436950684
14.430764198303223
8.990477561950684
5.8874053955078125
5.024580001831055
4.992650032043457
2.806694507598877
14.431276321411133
8.990477561950684
5.8874053955078125
5.024580001831055
4.992650032043457
2.8067235946655273
14.431779861450195
8.990477561950684
5.8874053955078125
5.024580001831055
4.992650032043457
2.8067522048950195
14.43227481842041
8.990477561950684
5.8874053955078125
5.024580001831055
4.992650032043457
2.8067803382873535
14.432762145996094
8.990477561950684
5.8874053955078125
5.024580001831055
4.992650032043457
2.8068079948425293
14.43324089050293
8.990477561950684
5.8874053955078125
5.024580001831055
4.992650032043457
2.806835174560547
14.433712005615234
8.990477561950684
5.8874053955078125
5.024580001831055
4.992650032043457
2.8068618774414062
14.434175491333008
8.990477561950684
5.8874053955078125
5.024580001831055
4.992650032043457
2.8068881034851074
14.43463134765625
8.990477561950684
5.8874053955078125
5.024580001831055
4.992650032043457
2.8069138526916504
14.435079574584961
8.990477561950684
5.8874053955078125
5.024580001831055
4.992650032043457
2.8069393634796143
14.43552017211914
8.990477561950684
5.8874053955078125
5.024580001831055
4.992650032043457
2.80696439743042
14.435953140258789
8.990477561950684
5.8874053955078125
5.024580001831055
4.992650032043457
2.8069889545440674
14.436378479003906
8.990477561950684
5.8874053955078125
5.024580001831055
4.992650032043457
2.8070130348205566
14.436797142028809
8.990477561950684
5.8874053955078125
5.024580001831055
4.992650032043457
2.807036876678467
14.437209129333496
8.990477561950684
5.8874053955078125
5.024580001831055
4.992650032043457
2.8070602416992188
14.437614440917969
8.990477561950684
5.8874053955078125
5.024580001831055
4.992650032043457
2.8070831298828125
14.43801212310791
8.990477561950684
5.8874053955078125
5.024580001831055
4.992650032043457
2.807105779647827
14.438403129577637
8.990477561950684
5.8874053955078125
5.024580001831055
4.992650032043457
2.8071279525756836
14.438788414001465
8.990477561950684
5.8874053955078125
5.024580001831055
4.992650032043457
2.807149887084961
14.439167022705078
8.990477561950684
5.8874053955078125
5.024580001831055
4.992650032043457
2.80717134475708
14.439538955688477
8.990477561950684
5.8874053955078125
5.024580001831055
4.992650032043457
2.80719256401062
14.439905166625977
8.990477561950684
5.8874053955078125
5.024580001831055
4.992650032043457
2.807213306427002
14.440264701843262
8.990477561950684
5.8874053955078125
5.024580001831055
4.992650032043457
2.8072338104248047
14.440618515014648
8.990477561950684
5.8874053955078125
5.024580001831055
4.992650032043457
2.807253837585449
14.440966606140137
8.990477561950684
5.8874053955078125
5.024580001831055
4.992650032043457
2.8072736263275146
14.441308975219727
8.990477561950684
5.8874053955078125
5.024580001831055
4.992650032043457
2.807293176651001
14.441645622253418
8.990477561950684
5.8874053955078125
5.024580001831055
4.992650032043457
2.807312250137329
14.441976547241211
8.990477561950684
5.8874053955078125
5.024580001831055
4.992650032043457
2.807331085205078
14.442301750183105
8.990477561950684
5.8874053955078125
5.024580001831055
4.992650032043457
2.807349681854248
14.442621231079102
8.990477561950684
5.8874053955078125
5.024580001831055
4.992650032043457
2.8073678016662598
14.442935943603516
8.990477561950684
5.8874053955078125
5.024580001831055
4.992650032043457
2.8073856830596924
14.443244934082031
8.990477561950684
5.8874053955078125
5.024580001831055
4.992650032043457
2.807403326034546
14.443549156188965
8.990477561950684
5.8874053955078125
5.024580001831055
4.992650032043457
2.807420492172241
14.443848609924316
8.990477561950684
5.8874053955078125
5.024580001831055
4.992650032043457
2.8074374198913574
14.44414234161377
8.990477561950684
5.8874053955078125
5.024580001831055
4.992650032043457
2.8074541091918945
14.44443130493164
8.990477561950684
5.8874053955078125
5.024580001831055
4.992650032043457
2.8074705600738525
14.44471549987793
8.990477561950684
5.8874053955078125
5.024580001831055
4.992650032043457
2.8074867725372314
14.444994926452637
8.990477561950684
5.8874053955078125
5.024580001831055
4.992650032043457
2.8075027465820312
14.445269584655762
8.990477561950684
5.8874053955078125
5.024580001831055
4.992650032043457
2.807518482208252
14.445540428161621
8.990477561950684
5.8874053955078125
5.024580001831055
4.992650032043457
2.8075337409973145
14.445806503295898
8.990477561950684
5.8874053955078125
5.024580001831055
4.992650032043457
2.807548761367798
14.446067810058594
8.990477561950684
5.8874053955078125
5.024580001831055
4.992650032043457
2.807563543319702
14.446325302124023
8.990477561950684
5.8874053955078125
5.024580001831055
4.992650032043457
2.8075780868530273
14.446578025817871
8.990477561950684
5.8874053955078125
5.024580001831055
4.992650032043457
2.8075923919677734
14.446826934814453
8.990477561950684
5.8874053955078125
5.024580001831055
4.992650032043457
2.8076064586639404
14.447071075439453
8.990477561950684
5.8874053955078125
5.024580001831055
4.992650032043457
2.8076202869415283
14.447311401367188
8.990477561950684
5.8874053955078125
5.024580001831055
4.992650032043457
2.807633876800537
14.447547912597656
8.990477561950684
5.8874053955078125
5.024580001831055
4.992650032043457
2.807647228240967
14.44778060913086
8.990477561950684
5.8874053955078125
5.024580001831055
4.992650032043457
2.8076603412628174
14.448009490966797
8.990477561950684
5.8874053955078125
5.024580001831055
4.992650032043457
2.807673215866089
14.448234558105469
8.990477561950684
5.8874053955078125
5.024580001831055
4.992650032043457
2.8076860904693604
14.448455810546875
8.990477561950684
5.8874053955078125
5.024580001831055
4.992650032043457
2.8076987266540527
14.448673248291016
8.990477561950684
5.8874053955078125
5.024580001831055
4.992650032043457
2.807711124420166
14.44888687133789
8.990477561950684
5.8874053955078125
5.024580001831055
4.992650032043457
2.8077232837677
14.4490966796875
8.990477561950684
5.8874053955078125
5.024580001831055
4.992650032043457
2.8077352046966553
14.44930362701416
8.990477561950684
5.8874053955078125
5.024580001831055
4.992650032043457
2.8077468872070312
14.449506759643555
8.990477561950684
5.8874053955078125
5.024580001831055
4.992650032043457
2.807758331298828
14.44970703125
8.990477561950684
5.8874053955078125
5.024580001831055
4.992650032043457
2.807769775390625
14.44990348815918
8.990477561950684
5.8874053955078125
5.024580001831055
4.992650032043457
2.8077809810638428
14.45009708404541
8.990477561950684
5.8874053955078125
5.024580001831055
4.992650032043457
2.8077919483184814
14.450286865234375
8.990477561950684
5.8874053955078125
5.024580001831055
4.992650032043457
2.807802677154541
14.45047378540039
8.990477561950684
5.8874053955078125
5.024580001831055
4.992650032043457
2.8078134059906006
14.450657844543457
8.990477561950684
5.8874053955078125
5.024580001831055
4.992650032043457
2.807823896408081
14.450838088989258
8.990477561950684
5.8874053955078125
5.024580001831055
4.992650032043457
2.8078341484069824
14.45101547241211
8.990477561950684
5.8874053955078125
5.024580001831055
4.992650032043457
2.8078441619873047
14.451189994812012
8.990477561950684
5.8874053955078125
5.024580001831055
4.992650032043457
2.807854175567627
14.451361656188965
8.990477561950684
5.8874053955078125
5.024580001831055
4.992650032043457
2.80786395072937
14.451530456542969
8.990477561950684
5.8874053955078125
5.024580001831055
4.992650032043457
2.807873487472534
14.451696395874023
8.990477561950684
5.8874053955078125
5.024580001831055
4.992650032043457
2.8078830242156982
14.451859474182129
8.990477561950684
5.8874053955078125
5.024580001831055
4.992650032043457
2.807892322540283
14.452019691467285
8.990477561950684
5.8874053955078125
5.024580001831055
4.992650032043457
2.807901382446289
14.452178001403809
8.990477561950684
5.8874053955078125
5.024580001831055
4.992650032043457
2.807910442352295
14.452333450317383
8.990477561950684
5.8874053955078125
5.024580001831055
4.992650032043457
2.8079192638397217
14.452486038208008
8.990477561950684
5.8874053955078125
5.024580001831055
4.992650032043457
2.8079278469085693
14.452635765075684
8.990477561950684
5.8874053955078125
5.024580001831055
4.992650032043457
2.807936429977417
14.452783584594727
8.990477561950684
5.8874053955078125
5.024580001831055
4.992650032043457
2.8079447746276855
14.45292854309082
8.990477561950684
5.8874053955078125
5.024580001831055
4.992650032043457
2.807953119277954
14.453071594238281
8.990477561950684
5.8874053955078125
5.024580001831055
4.992650032043457
2.8079612255096436
14.453211784362793
8.990477561950684
5.8874053955078125
5.024580001831055
4.992650032043457
2.807969093322754
14.453350067138672
8.990477561950684
5.8874053955078125
5.024580001831055
4.992650032043457
2.8079769611358643
14.453485488891602
8.990477561950684
5.8874053955078125
5.024580001831055
4.992650032043457
2.8079845905303955
14.453619003295898
8.990477561950684
5.8874053955078125
5.024580001831055
4.992650032043457
2.8079922199249268
14.453750610351562
8.990477561950684
5.8874053955078125
5.024580001831055
4.992650032043457
2.807999610900879
14.453879356384277
8.990477561950684
5.8874053955078125
5.024580001831055
4.992650032043457
2.808007001876831
14.45400619506836
8.990477561950684
5.8874053955078125
5.024580001831055
4.992650032043457
2.808014154434204
14.454131126403809
8.990477561950684
5.8874053955078125
5.024580001831055
4.992650032043457
2.808021306991577
14.454254150390625
8.990477561950684
5.8874053955078125
5.024580001831055
4.992650032043457
2.808028221130371
14.454375267028809
8.990477561950684
5.8874053955078125
5.024580001831055
4.992650032043457
2.808035135269165
14.454493522644043
8.990477561950684
5.8874053955078125
5.024580001831055
4.992650032043457
2.80804181098938
14.454609870910645
8.990477561950684
5.8874053955078125
5.024580001831055
4.992650032043457
2.8080484867095947
14.454724311828613
8.990477561950684
5.8874053955078125
5.024580001831055
4.992650032043457
2.8080549240112305
14.45483684539795
8.990477561950684
5.8874053955078125
5.024580001831055
4.992650032043457
2.808061361312866
14.454947471618652
8.990477561950684
5.8874053955078125
5.024580001831055
4.992650032043457
2.808067560195923
14.455056190490723
8.990477561950684
5.8874053955078125
5.024580001831055
4.992650032043457
2.8080737590789795
14.455163955688477
8.990477561950684
5.8874053955078125
5.024580001831055
4.992650032043457
2.808079957962036
14.455269813537598
8.990477561950684
5.8874053955078125
5.024580001831055
4.992650032043457
2.8080859184265137
14.455373764038086
8.990477561950684
5.8874053955078125
5.024580001831055
4.992650032043457
2.808091878890991
14.455475807189941
8.990477561950684
5.8874053955078125
