1.338667392730713
2.2743453979492188
8.520721435546875
5.69514274597168
7.029529571533203
14.358418464660645
1.5400773286819458
4.264178276062012
8.520721435546875
5.69514274597168
7.029529571533203
14.358418464660645
1.7381303310394287
6.220847129821777
8.520721435546875
5.69514274597168
7.029529571533203
14.358418464660645
1.93288254737854
8.144905090332031
8.520721435546875
5.69514274597168
7.029529571533203
14.358418464660645
2.1243889331817627
10.036894798278809
8.520721435546875
5.69514274597168
7.029529571533203
14.358418464660645
2.3127036094665527
11.89735221862793
8.520721435546875
5.69514274597168
7.029529571533203
14.358418464660645
2.4978795051574707
13.726801872253418
8.520721435546875
5.69514274597168
7.029529571533203
14.358418464660645
2.679969310760498
15.525760650634766
8.520721435546875
5.69514274597168
7.029529571533203
14.358418464660645
2.8590242862701416
17.294736862182617
8.520721435546875
5.69514274597168
7.029529571533203
14.358418464660645
3.034105062484741
18.98101043701172
8.520721435546875
5.69514274597168
7.029529571533203
14.358418464660645
3.1493122577667236
18.12575912475586
8.520721435546875
5.69514274597168
7.029529571533203
14.358418464660645
3.262599468231201
17.28476333618164
8.520721435546875
5.69514274597168
7.029529571533203
14.358418464660645
3.3739984035491943
16.457782745361328
8.520721435546875
5.69514274597168
7.029529571533203
14.358418464660645
3.4835407733917236
15.644585609436035
8.520721435546875
5.69514274597168
7.029529571533203
14.358418464660645
3.556846857070923
14.93344783782959
8.520721435546875
5.69514274597168
7.029529571533203
14.358418464660645
3.2571969032287598
15.21285629272461
8.520721435546875
5.69514274597168
7.029529571533203
14.358418464660645
2.962541103363037
15.487607955932617
8.520721435546875
5.69514274597168
7.029529571533203
14.358418464660645
2.6727962493896484
15.757781028747559
8.520721435546875
5.69514274597168
7.029529571533203
14.358418464660645
2.387880325317383
16.02345085144043
8.520721435546875
5.69514274597168
7.029529571533203
14.358418464660645
2.107712984085083
16.284692764282227
8.520721435546875
5.69514274597168
7.029529571533203
14.358418464660645
1.8322151899337769
16.541580200195312
8.520721435546875
5.69514274597168
7.029529571533203
14.358418464660645
1.5613089799880981
16.794187545776367
8.520721435546875
5.69514274597168
7.029529571533203
14.358418464660645
1.2949178218841553
17.042583465576172
8.520721435546875
5.69514274597168
7.029529571533203
14.358418464660645
1.0329666137695312
17.286840438842773
8.520721435546875
5.69514274597168
7.029529571533203
14.358418464660645
1.1146531105041504
17.45853042602539
8.520721435546875
5.69514274597168
7.029529571533203
14.358418464660645
1.2412992715835571
17.61571502685547
8.520721435546875
5.69514274597168
7.029529571533203
14.358418464660645
1.3658347129821777
17.770278930664062
8.520721435546875
5.69514274597168
7.029529571533203
14.358418464660645
1.4882944822311401
17.922266006469727
8.520721435546875
5.69514274597168
7.029529571533203
14.358418464660645
1.6087132692337036
18.071720123291016
8.520721435546875
5.69514274597168
7.029529571533203
14.358418464660645
1.7271250486373901
18.21868324279785
8.520721435546875
5.69514274597168
7.029529571533203
14.358418464660645
1.8435633182525635
18.363197326660156
8.520721435546875
5.69514274597168
7.029529571533203
14.358418464660645
1.9580609798431396
18.50530242919922
8.520721435546875
5.69514274597168
7.029529571533203
14.358418464660645
2.070650339126587
18.64504051208496
8.520721435546875
5.69514274597168
7.029529571533203
14.358418464660645
2.181363105773926
18.78244972229004
8.520721435546875
5.69514274597168
7.029529571533203
14.358418464660645
2.2902307510375977
18.91756820678711
8.520721435546875
5.69514274597168
7.029529571533203
14.358418464660645
2.385035753250122
18.97290802001953
8.520721435546875
5.69514274597168
7.029529571533203
14.358418464660645
2.455083131790161
18.907581329345703
8.520721435546875
5.69514274597168
7.029529571533203
14.358418464660645
2.523963212966919
18.84334373474121
8.520721435546875
5.69514274597168
7.029529571533203
14.358418464660645
2.5916953086853027
18.78017807006836
8.520721435546875
5.69514274597168
7.029529571533203
14.358418464660645
2.6582984924316406
18.718063354492188
8.520721435546875
5.69514274597168
7.029529571533203
14.358418464660645
2.7237915992736816
18.656984329223633
8.520721435546875
5.69514274597168
7.029529571533203
14.358418464660645
2.7881932258605957
18.596923828125
8.520721435546875
5.69514274597168
7.029529571533203
14.358418464660645
2.8515214920043945
18.537864685058594
8.520721435546875
5.69514274597168
7.029529571533203
14.358418464660645
2.9137942790985107
18.47978973388672
8.520721435546875
5.69514274597168
7.029529571533203
14.358418464660645
2.975029230117798
18.42268180847168
8.520721435546875
5.69514274597168
7.029529571533203
14.358418464660645
3.035243511199951
18.366525650024414
8.520721435546875
5.69514274597168
7.029529571533203
14.358418464660645
3.094454288482666
18.31130599975586
8.520721435546875
5.69514274597168
7.029529571533203
14.358418464660645
3.1526782512664795
18.257007598876953
8.520721435546875
5.69514274597168
7.029529571533203
14.358418464660645
3.2099316120147705
18.20361328125
8.520721435546875
5.69514274597168
7.029529571533203
14.358418464660645
3.266230821609497
18.15110969543457
8.520721435546875
5.69514274597168
7.029529571533203
14.358418464660645
3.321591854095459
18.09947967529297
8.520721435546875
5.69514274597168
7.029529571533203
14.358418464660645
3.376030206680298
18.048709869384766
8.520721435546875
5.69514274597168
7.029529571533203
14.358418464660645
3.429561138153076
17.99878692626953
8.520721435546875
5.69514274597168
7.029529571533203
14.358418464660645
3.4821999073028564
17.949695587158203
8.520721435546875
5.69514274597168
7.029529571533203
14.358418464660645
3.533961296081543
17.90142250061035
8.520721435546875
5.69514274597168
7.029529571533203
14.358418464660645
3.58486008644104
17.853954315185547
8.520721435546875
5.69514274597168
7.029529571533203
14.358418464660645
3.6349105834960938
17.80727767944336
8.520721435546875
5.69514274597168
7.029529571533203
14.358418464660645
3.684126853942871
17.76137924194336
8.520721435546875
5.69514274597168
7.029529571533203
14.358418464660645
3.732522964477539
17.716245651245117
8.520721435546875
5.69514274597168
7.029529571533203
14.358418464660645
3.7801122665405273
17.671863555908203
8.520721435546875
5.69514274597168
7.029529571533203
14.358418464660645
3.826908588409424
17.62822151184082
8.520721435546875
5.69514274597168
7.029529571533203
14.358418464660645
3.8729248046875
17.58530616760254
8.520721435546875
5.69514274597168
7.029529571533203
14.358418464660645
3.9181742668151855
17.543106079101562
8.520721435546875
5.69514274597168
7.029529571533203
14.358418464660645
3.9626693725585938
17.501609802246094
8.520721435546875
5.69514274597168
7.029529571533203
14.358418464660645
4.006422996520996
17.460805892944336
8.520721435546875
5.69514274597168
7.029529571533203
14.358418464660645
4.049447536468506
17.42068099975586
8.520721435546875
5.69514274597168
7.029529571533203
14.358418464660645
4.091754913330078
17.3812255859375
8.520721435546875
5.69514274597168
7.029529571533203
14.358418464660645
4.133357048034668
17.34242820739746
8.520721435546875
5.69514274597168
7.029529571533203
14.358418464660645
4.1742658615112305
17.304277420043945
8.520721435546875
5.69514274597168
7.029529571533203
14.358418464660645
4.2144927978515625
17.266761779785156
8.520721435546875
5.69514274597168
7.029529571533203
14.358418464660645
4.254049301147461
17.22987174987793
8.520721435546875
5.69514274597168
7.029529571533203
14.358418464660645
4.292946815490723
17.19359588623047
8.520721435546875
5.69514274597168
7.029529571533203
14.358418464660645
4.331195831298828
17.15792465209961
8.520721435546875
5.69514274597168
7.029529571533203
14.358418464660645
4.368807315826416
17.122848510742188
8.520721435546875
5.69514274597168
7.029529571533203
14.358418464660645
4.405791759490967
17.088356018066406
8.520721435546875
5.69514274597168
7.029529571533203
14.358418464660645
4.442160129547119
17.054439544677734
8.520721435546875
5.69514274597168
7.029529571533203
14.358418464660645
4.477922439575195
17.021087646484375
8.520721435546875
5.69514274597168
7.029529571533203
14.358418464660645
4.513088703155518
16.988292694091797
8.520721435546875
5.69514274597168
7.029529571533203
14.358418464660645
4.54766845703125
16.956043243408203
8.520721435546875
5.69514274597168
7.029529571533203
14.358418464660645
4.581672191619873
16.924331665039062
8.520721435546875
5.69514274597168
7.029529571533203
14.358418464660645
4.615108966827393
16.89314842224121
8.520721435546875
5.69514274597168
7.029529571533203
14.358418464660645
4.647988796234131
16.862485885620117
8.520721435546875
5.69514274597168
7.029529571533203
14.358418464660645
4.6803202629089355
16.832332611083984
8.520721435546875
5.69514274597168
7.029529571533203
14.358418464660645
4.712112903594971
16.802682876586914
8.520721435546875
5.69514274597168
7.029529571533203
14.358418464660645
4.743375778198242
16.773527145385742
8.520721435546875
5.69514274597168
7.029529571533203
14.358418464660645
4.774117469787598
16.744857788085938
8.520721435546875
5.69514274597168
7.029529571533203
14.358418464660645
4.804347038269043
16.716665267944336
8.520721435546875
5.69514274597168
7.029529571533203
14.358418464660645
4.834072589874268
16.68894386291504
8.520721435546875
5.69514274597168
7.029529571533203
14.358418464660645
4.863302707672119
16.661684036254883
8.520721435546875
5.69514274597168
7.029529571533203
14.358418464660645
4.892045974731445
16.634878158569336
8.520721435546875
5.69514274597168
7.029529571533203
14.358418464660645
4.920310020446777
16.608518600463867
8.520721435546875
5.69514274597168
7.029529571533203
14.358418464660645
4.948102951049805
16.582599639892578
8.520721435546875
5.69514274597168
7.029529571533203
14.358418464660645
4.975432872772217
16.557111740112305
8.520721435546875
5.69514274597168
7.029529571533203
14.358418464660645
5.002306938171387
16.53204917907715
8.520721435546875
5.69514274597168
7.029529571533203
14.358418464660645
5.028733253479004
16.507404327392578
8.520721435546875
5.69514274597168
7.029529571533203
14.358418464660645
5.054718971252441
16.483169555664062
8.520721435546875
5.69514274597168
7.029529571533203
14.358418464660645
5.0802717208862305
16.459339141845703
8.520721435546875
5.69514274597168
7.029529571533203
14.358418464660645
5.105398654937744
16.43590545654297
8.520721435546875
5.69514274597168
7.029529571533203
14.358418464660645
5.1301069259643555
16.41286277770996
8.520721435546875
5.69514274597168
7.029529571533203
14.358418464660645
5.154403209686279
16.39020347595215
8.520721435546875
5.69514274597168
7.029529571533203
14.358418464660645
5.178294658660889
16.367921829223633
8.520721435546875
5.69514274597168
7.029529571533203
14.358418464660645
5.201787948608398
16.346012115478516
8.520721435546875
5.69514274597168
7.029529571533203
14.358418464660645
5.224889755249023
16.324466705322266
8.520721435546875
5.69514274597168
7.029529571533203
14.358418464660645
5.24760627746582
16.303281784057617
8.520721435546875
5.69514274597168
7.029529571533203
14.358418464660645
5.269944190979004
16.28244972229004
8.520721435546875
5.69514274597168
7.029529571533203
14.358418464660645
5.291909694671631
16.261964797973633
8.520721435546875
5.69514274597168
7.029529571533203
14.358418464660645
5.313509464263916
16.2418212890625
8.520721435546875
5.69514274597168
7.029529571533203
14.358418464660645
5.334749221801758
16.222013473510742
8.520721435546875
5.69514274597168
7.029529571533203
14.358418464660645
5.355634689331055
16.20253562927246
8.520721435546875
5.69514274597168
7.029529571533203
14.358418464660645
5.376172065734863
16.183382034301758
8.520721435546875
5.69514274597168
7.029529571533203
14.358418464660645
5.39636754989624
16.164548873901367
8.520721435546875
5.69514274597168
7.029529571533203
14.358418464660645
5.416226387023926
16.146028518676758
8.520721435546875
5.69514274597168
7.029529571533203
14.358418464660645
5.435754299163818
16.127817153930664
8.520721435546875
5.69514274597168
7.029529571533203
14.358418464660645
5.454956531524658
16.109909057617188
8.520721435546875
5.69514274597168
7.029529571533203
14.358418464660645
5.473838806152344
16.092300415039062
8.520721435546875
5.69514274597168
7.029529571533203
14.358418464660645
5.492406368255615
16.074983596801758
8.520721435546875
5.69514274597168
7.029529571533203
14.358418464660645
5.510664463043213
16.05795669555664
8.520721435546875
5.69514274597168
7.029529571533203
14.358418464660645
5.528618335723877
16.041213989257812
8.520721435546875
5.69514274597168
7.029529571533203
14.358418464660645
5.5462727546691895
16.024749755859375
8.520721435546875
5.69514274597168
7.029529571533203
14.358418464660645
5.563632965087891
16.008560180664062
8.520721435546875
5.69514274597168
7.029529571533203
14.358418464660645
5.5807037353515625
15.992639541625977
8.520721435546875
5.69514274597168
7.029529571533203
14.358418464660645
5.597490310668945
15.976984977722168
8.520721435546875
5.69514274597168
7.029529571533203
14.358418464660645
5.613996982574463
15.961590766906738
8.520721435546875
5.69514274597168
7.029529571533203
14.358418464660645
5.630228519439697
15.946453094482422
8.520721435546875
5.69514274597168
7.029529571533203
14.358418464660645
5.6461896896362305
15.931568145751953
8.520721435546875
5.69514274597168
7.029529571533203
14.358418464660645
5.661884784698486
15.91693115234375
8.520721435546875
5.69514274597168
7.029529571533203
14.358418464660645
5.677318096160889
15.902538299560547
8.520721435546875
5.69514274597168
7.029529571533203
14.358418464660645
5.6924943923950195
15.888384819030762
8.520721435546875
5.69514274597168
7.029529571533203
14.358418464660645
5.7074174880981445
15.874467849731445
8.520721435546875
5.69514274597168
7.029529571533203
14.358418464660645
5.722092151641846
15.860782623291016
8.520721435546875
5.69514274597168
7.029529571533203
14.358418464660645
5.726600646972656
15.85820198059082
8.520721435546875
5.69514274597168
7.0394511222839355
14.347541809082031
5.731033802032471
15.85566520690918
8.520721435546875
5.69514274597168
7.0492072105407715
14.336846351623535
5.735393047332764
15.853170394897461
8.520721435546875
5.69514274597168
7.05880069732666
14.326329231262207
5.73967981338501
15.850716590881348
8.520721435546875
5.69514274597168
7.068234443664551
14.315986633300781
5.743895053863525
15.84830379486084
8.520721435546875
5.69514274597168
7.077510833740234
14.305816650390625
5.748040199279785
15.845932006835938
8.520721435546875
5.69514274597168
7.08663272857666
14.295816421508789
5.7521162033081055
15.843599319458008
8.520721435546875
5.69514274597168
7.095602512359619
14.285983085632324
5.756124496459961
15.84130573272705
8.520721435546875
5.69514274597168
7.104422569274902
14.276312828063965
5.76006555557251
15.83905029296875
8.520721435546875
5.69514274597168
7.113095760345459
14.266803741455078
5.763941287994385
15.836832046508789
8.520721435546875
5.69514274597168
7.12162446975708
14.257453918457031
5.767752170562744
15.834650993347168
8.520721435546875
5.69514274597168
7.130011081695557
14.248259544372559
5.7714996337890625
15.83250617980957
8.520721435546875
5.69514274597168
7.13825798034668
14.239218711853027
5.775184631347656
15.830397605895996
8.520721435546875
5.69514274597168
7.14636754989624
14.230328559875488
5.778808116912842
15.828323364257812
8.520721435546875
5.69514274597168
7.154341697692871
14.221586227416992
5.782371520996094
15.826284408569336
8.520721435546875
5.69514274597168
7.162182807922363
14.212989807128906
5.78587532043457
15.824278831481934
8.520721435546875
5.69514274597168
7.169893264770508
14.204536437988281
5.789320945739746
15.822306632995605
8.520721435546875
5.69514274597168
7.177475452423096
14.196224212646484
5.792708873748779
15.820367813110352
8.520721435546875
5.69514274597168
7.18493127822876
14.188050270080566
5.7960405349731445
15.818461418151855
8.520721435546875
5.69514274597168
7.192262649536133
14.180012702941895
5.79931640625
15.8165864944458
8.520721435546875
5.69514274597168
7.199471950531006
14.17210865020752
5.80253791809082
15.814743041992188
8.520721435546875
5.69514274597168
7.206561088562012
14.164337158203125
5.805705547332764
15.8129301071167
8.520721435546875
5.69514274597168
7.213531970977783
14.156694412231445
5.8088202476501465
15.811147689819336
8.520721435546875
5.69514274597168
7.220386505126953
14.149179458618164
5.811883449554443
15.809394836425781
8.520721435546875
5.69514274597168
7.2271270751953125
14.141789436340332
5.8148956298828125
15.807671546936035
8.520721435546875
5.69514274597168
7.233755111694336
14.134522438049316
5.817857265472412
15.805976867675781
8.520721435546875
5.69514274597168
7.2402729988098145
14.127376556396484
5.820769786834717
15.804309844970703
8.520721435546875
5.69514274597168
7.246682167053223
14.120349884033203
5.823633670806885
15.8026704788208
8.520721435546875
5.69514274597168
7.252984523773193
14.11344051361084
5.826449871063232
15.801058769226074
8.520721435546875
5.69514274597168
7.259181976318359
14.106646537780762
5.829218864440918
15.799473762512207
8.520721435546875
5.69514274597168
7.265275955200195
14.099966049194336
5.831942081451416
15.7979154586792
8.520721435546875
5.69514274597168
7.271268367767334
14.093396186828613
5.834619522094727
15.796382904052734
8.520721435546875
5.69514274597168
7.27716064453125
14.086935997009277
5.837252616882324
15.794876098632812
8.520721435546875
5.69514274597168
7.282955169677734
14.080583572387695
5.839841842651367
15.793394088745117
8.520721435546875
5.69514274597168
7.2886528968811035
14.074337005615234
5.842387676239014
15.791936874389648
8.520721435546875
5.69514274597168
7.29425573348999
14.068194389343262
5.84489107131958
15.790504455566406
8.520721435546875
5.69514274597168
7.299765110015869
14.062154769897461
5.847352981567383
15.789095878601074
8.520721435546875
5.69514274597168
7.305182456970215
14.056215286254883
5.84977388381958
15.787710189819336
8.520721435546875
5.69514274597168
7.31050968170166
14.050374984741211
5.85215425491333
15.786347389221191
8.520721435546875
5.69514274597168
7.31574821472168
14.044631958007812
5.854495048522949
15.78500747680664
8.520721435546875
5.69514274597168
7.320899486541748
14.038984298706055
5.856796741485596
15.783690452575684
8.520721435546875
5.69514274597168
7.32596492767334
14.033431053161621
5.859060287475586
15.782395362854004
8.520721435546875
5.69514274597168
7.33094596862793
14.027970314025879
5.861286163330078
15.781121253967285
8.520721435546875
5.69514274597168
7.335844039916992
14.022601127624512
5.8634748458862305
15.779869079589844
8.520721435546875
5.69514274597168
7.340660095214844
14.01732063293457
5.865626811981201
15.778637886047363
8.520721435546875
5.69514274597168
7.345396041870117
14.012128829956055
5.867743015289307
15.777426719665527
8.520721435546875
5.69514274597168
7.350053310394287
14.007022857666016
5.869823932647705
15.776235580444336
8.520721435546875
5.69514274597168
7.35463285446167
14.002002716064453
5.871870040893555
15.775064468383789
8.520721435546875
5.69514274597168
7.35913610458374
13.997065544128418
5.873882293701172
15.77391242980957
8.520721435546875
5.69514274597168
7.3635640144348145
13.99221134185791
5.875861167907715
15.772780418395996
8.520721435546875
5.69514274597168
7.367918491363525
13.98743724822998
5.877806663513184
15.771666526794434
8.520721435546875
5.69514274597168
7.372200012207031
13.982743263244629
5.8797197341918945
15.7705717086792
8.520721435546875
5.69514274597168
7.376410484313965
13.978127479553223
5.881600856781006
15.769495010375977
8.520721435546875
5.69514274597168
7.380550861358643
13.973588943481445
5.883450984954834
15.768436431884766
8.520721435546875
5.69514274597168
7.384622097015381
13.969125747680664
5.885270118713379
15.76739501953125
8.520721435546875
5.69514274597168
7.388625621795654
13.964736938476562
5.887058734893799
15.766371726989746
8.520721435546875
5.69514274597168
7.392562389373779
13.960421562194824
5.88881778717041
15.765364646911621
8.520721435546875
5.69514274597168
7.396433353424072
13.956177711486816
5.890547275543213
15.764374732971191
8.520721435546875
5.69514274597168
7.400239944458008
13.952004432678223
5.892248153686523
15.76340103149414
8.520721435546875
5.69514274597168
7.403983116149902
13.947900772094727
5.8939208984375
15.762443542480469
8.520721435546875
5.69514274597168
7.407663822174072
13.943865776062012
5.895565509796143
15.761502265930176
8.520721435546875
5.69514274597168
7.411283016204834
13.939897537231445
5.897182941436768
15.760576248168945
8.520721435546875
5.69514274597168
7.414842128753662
13.935996055603027
5.898773193359375
15.759666442871094
8.520721435546875
5.69514274597168
7.418341636657715
13.932159423828125
5.900337219238281
15.758771896362305
8.520721435546875
5.69514274597168
7.421782970428467
13.928386688232422
5.901875019073486
15.757891654968262
8.520721435546875
5.69514274597168
7.425167083740234
13.924676895141602
5.903387069702148
15.757026672363281
8.520721435546875
5.69514274597168
7.428494453430176
13.921029090881348
5.904873847961426
15.756175994873047
8.520721435546875
5.69514274597168
7.431766510009766
13.917441368103027
5.906335830688477
15.755339622497559
8.520721435546875
5.69514274597168
7.43498420715332
13.91391372680664
5.907773494720459
15.7545166015625
8.520721435546875
5.69514274597168
7.438148021697998
13.910445213317871
5.909187316894531
15.753707885742188
8.520721435546875
5.69514274597168
7.441259384155273
13.907033920288086
5.910577774047852
15.752912521362305
8.520721435546875
5.69514274597168
7.444318771362305
13.903679847717285
5.91194486618042
15.752130508422852
8.520721435546875
5.69514274597168
7.447327136993408
13.900382041931152
5.9132890701293945
15.751360893249512
8.520721435546875
5.69514274597168
7.4502854347229
13.897138595581055
5.914610862731934
15.750604629516602
8.520721435546875
5.69514274597168
7.4531941413879395
13.893949508666992
5.915910720825195
15.749860763549805
8.520721435546875
5.69514274597168
7.4560546875
13.890813827514648
5.917189121246338
15.749129295349121
8.520721435546875
5.69514274597168
7.45886754989624
13.887730598449707
5.918446063995361
15.74841022491455
8.520721435546875
5.69514274597168
7.461633205413818
13.884697914123535
5.919682025909424
15.747702598571777
8.520721435546875
5.69514274597168
7.464353084564209
13.881715774536133
5.920897483825684
15.747007369995117
8.520721435546875
5.69514274597168
7.46702766418457
13.8787841796875
5.922092437744141
15.746323585510254
8.520721435546875
5.69514274597168
7.4696574211120605
13.875901222229004
5.923267364501953
15.745651245117188
8.520721435546875
5.69514274597168
7.472243309020996
13.873065948486328
5.924422740936279
15.744990348815918
8.520721435546875
5.69514274597168
7.474786281585693
13.870278358459473
5.925559043884277
15.744339942932129
8.520721435546875
5.69514274597168
7.4772868156433105
13.867536544799805
5.926676273345947
15.74370002746582
8.520721435546875
5.69514274597168
7.479745864868164
13.864840507507324
5.927774906158447
15.743071556091309
8.520721435546875
5.69514274597168
7.482163906097412
13.862189292907715
5.9288554191589355
15.742453575134277
8.520721435546875
5.69514274597168
7.484541416168213
13.859582901000977
5.929917812347412
15.74184513092041
8.520721435546875
5.69514274597168
7.486879348754883
13.857019424438477
5.930962562561035
15.741247177124023
8.520721435546875
5.69514274597168
7.48917818069458
13.854498863220215
5.931989669799805
15.740659713745117
8.520721435546875
5.69514274597168
7.491438865661621
13.852020263671875
5.932999610900879
15.740081787109375
8.520721435546875
5.69514274597168
7.493661880493164
13.84958267211914
5.933992862701416
15.739513397216797
8.520721435546875
5.69514274597168
7.495847702026367
13.847186088562012
5.934969425201416
15.738954544067383
8.520721435546875
5.69514274597168
7.497997283935547
13.844829559326172
5.935929775238037
15.738405227661133
8.520721435546875
5.69514274597168
7.500111103057861
13.842512130737305
5.9368743896484375
15.73786449432373
8.520721435546875
5.69514274597168
7.502189636230469
13.84023380279541
5.937803268432617
15.737333297729492
8.520721435546875
5.69514274597168
7.504233360290527
13.837992668151855
5.938716411590576
15.736810684204102
8.520721435546875
5.69514274597168
7.5062432289123535
13.835789680480957
5.939614295959473
15.736296653747559
8.520721435546875
5.69514274597168
7.5082197189331055
13.833622932434082
5.940497398376465
15.735791206359863
8.520721435546875
5.69514274597168
7.510162830352783
13.83149242401123
5.941365718841553
15.735294342041016
8.520721435546875
5.69514274597168
7.512073993682861
13.829397201538086
5.9422197341918945
15.734806060791016
8.520721435546875
5.69514274597168
7.51395320892334
13.827337265014648
5.94305944442749
15.734325408935547
8.520721435546875
5.69514274597168
7.515800952911377
13.825311660766602
5.943885326385498
15.733853340148926
8.520721435546875
5.69514274597168
7.517618179321289
13.823319435119629
5.944697380065918
15.733388900756836
8.520721435546875
5.69514274597168
7.519404888153076
13.82136058807373
5.94549560546875
15.732932090759277
8.520721435546875
5.69514274597168
7.521162033081055
13.81943416595459
5.946280479431152
15.73248291015625
8.520721435546875
5.69514274597168
7.522889614105225
13.817540168762207
5.947052478790283
15.732041358947754
8.520721435546875
5.69514274597168
7.524588584899902
13.815677642822266
5.947811603546143
15.731606483459473
8.520721435546875
5.69514274597168
7.526258945465088
13.813846588134766
5.9485578536987305
15.731179237365723
8.520721435546875
5.69514274597168
7.527901649475098
13.81204605102539
5.949291706085205
15.730759620666504
8.520721435546875
5.69514274597168
7.52951717376709
13.810275077819824
5.950013637542725
15.7303466796875
8.520721435546875
5.69514274597168
7.5311055183410645
13.808533668518066
5.950723171234131
15.729940414428711
8.520721435546875
5.69514274597168
7.532667636871338
13.8068208694458
5.95142126083374
15.729540824890137
8.520721435546875
5.69514274597168
7.53420352935791
13.805136680603027
5.9521074295043945
15.729147911071777
8.520721435546875
5.69514274597168
7.5357136726379395
13.803481101989746
5.952782154083252
15.728761672973633
8.520721435546875
5.69514274597168
7.537199020385742
13.80185317993164
5.953445911407471
15.728382110595703
8.520721435546875
5.69514274597168
7.538659572601318
13.800251960754395
5.954098701477051
15.728008270263672
8.520721435546875
5.69514274597168
7.540095806121826
13.798677444458008
5.954740524291992
15.727641105651855
8.520721435546875
5.69514274597168
7.541507720947266
13.79712963104248
5.955371379852295
15.727279663085938
8.520721435546875
5.69514274597168
7.542896270751953
13.795607566833496
5.955991744995117
15.726924896240234
8.520721435546875
5.69514274597168
7.544261455535889
13.794110298156738
5.956602096557617
15.72657585144043
8.520721435546875
5.69514274597168
7.545604228973389
13.792638778686523
5.957201957702637
15.726232528686523
8.520721435546875
5.69514274597168
7.546924591064453
13.791191101074219
5.957791805267334
15.725894927978516
8.520721435546875
5.69514274597168
7.54822301864624
13.78976821899414
5.958372116088867
15.725563049316406
8.520721435546875
5.69514274597168
7.54949951171875
13.788368225097656
5.958942413330078
15.725236892700195
8.520721435546875
5.69514274597168
7.550755023956299
13.786992073059082
5.959503173828125
15.724915504455566
8.520721435546875
5.69514274597168
7.551989555358887
13.785638809204102
5.960054874420166
15.724599838256836
8.520721435546875
5.69514274597168
7.553203582763672
13.784308433532715
5.960597515106201
15.724288940429688
8.520721435546875
5.69514274597168
7.554397106170654
13.782999992370605
5.9611310958862305
15.723983764648438
8.520721435546875
5.69514274597168
7.55557107925415
13.781713485717773
5.961655616760254
15.72368335723877
8.520721435546875
5.69514274597168
7.556725025177002
13.780447959899902
5.96217155456543
15.723388671875
8.520721435546875
5.69514274597168
7.557859897613525
13.779203414916992
5.962678909301758
15.723098754882812
8.520721435546875
5.69514274597168
7.558975696563721
13.777979850769043
5.963177680969238
15.722813606262207
8.520721435546875
5.69514274597168
7.560072898864746
13.776776313781738
5.963667869567871
15.722533226013184
8.520721435546875
5.69514274597168
7.56115198135376
13.775592803955078
5.9641499519348145
15.722257614135742
8.520721435546875
5.69514274597168
7.562212944030762
13.774429321289062
5.964623928070068
15.721985816955566
8.520721435546875
5.69514274597168
7.56325626373291
13.773284912109375
5.965090274810791
15.721718788146973
8.520721435546875
5.69514274597168
7.564282417297363
13.772159576416016
5.965548992156982
15.721456527709961
8.520721435546875
5.69514274597168
7.565291404724121
13.771053314208984
5.966000080108643
15.721198081970215
8.520721435546875
5.69514274597168
7.566283702850342
13.769965171813965
5.9664435386657715
15.72094440460205
8.520721435546875
5.69514274597168
7.567259311676025
13.768895149230957
5.966879367828369
15.720694541931152
8.520721435546875
5.69514274597168
7.56821870803833
13.767843246459961
5.967308044433594
15.720449447631836
8.520721435546875
5.69514274597168
7.569161891937256
13.766809463500977
5.967729568481445
15.720208168029785
8.520721435546875
5.69514274597168
7.570089340209961
13.765792846679688
5.968143939971924
15.719970703125
8.520721435546875
5.69514274597168
7.5710015296936035
13.764792442321777
5.9685516357421875
15.71973705291748
8.520721435546875
5.69514274597168
7.571898460388184
13.763809204101562
5.968952655792236
15.719507217407227
8.520721435546875
5.69514274597168
7.572780609130859
13.762842178344727
5.96934700012207
15.719281196594238
8.520721435546875
5.69514274597168
7.573647975921631
13.76189136505127
5.9697346687316895
15.719058990478516
8.520721435546875
5.69514274597168
7.574501037597656
13.760956764221191
5.970115661621094
15.718840599060059
8.520721435546875
5.69514274597168
7.5753397941589355
13.760037422180176
5.970490455627441
15.718626022338867
8.520721435546875
5.69514274597168
7.576164245605469
13.759133338928223
5.970859050750732
15.718415260314941
8.520721435546875
5.69514274597168
7.576975345611572
13.758244514465332
5.971221446990967
15.718208312988281
8.520721435546875
5.69514274597168
7.577772617340088
13.757369995117188
5.9715776443481445
15.71800422668457
8.520721435546875
5.69514274597168
7.578556537628174
13.756510734558105
5.971928119659424
15.717803955078125
8.520721435546875
5.69514274597168
7.579327583312988
13.75566577911377
5.972272872924805
15.717606544494629
8.520721435546875
5.69514274597168
7.580085754394531
13.754834175109863
5.972611904144287
15.717412948608398
8.520721435546875
5.69514274597168
7.580831527709961
13.754016876220703
5.972945213317871
15.717222213745117
8.520721435546875
5.69514274597168
7.581564903259277
13.753212928771973
5.973272800445557
15.717034339904785
8.520721435546875
5.69514274597168
7.5822858810424805
13.752422332763672
5.973595142364502
15.716850280761719
8.520721435546875
5.69514274597168
7.5829949378967285
13.7516450881958
5.973911762237549
15.716669082641602
8.520721435546875
5.69514274597168
7.5836920738220215
13.75088119506836
5.9742231369018555
15.716490745544434
8.520721435546875
5.69514274597168
7.584377765655518
13.750129699707031
5.974529266357422
15.716315269470215
8.520721435546875
5.69514274597168
7.585052013397217
13.749390602111816
5.974830627441406
15.716142654418945
8.520721435546875
5.69514274597168
7.585714817047119
13.748663902282715
5.97512674331665
15.715972900390625
8.520721435546875
5.69514274597168
7.586366653442383
13.747949600219727
5.9754180908203125
15.715806007385254
8.520721435546875
5.69514274597168
7.587007522583008
13.747246742248535
5.975704669952393
15.715641975402832
8.520721435546875
5.69514274597168
7.587637901306152
13.746556282043457
5.975986480712891
15.71548080444336
8.520721435546875
5.69514274597168
7.588257789611816
13.745877265930176
5.976263523101807
15.715322494506836
8.520721435546875
5.69514274597168
7.5888671875
13.745208740234375
5.976535797119141
15.715167045593262
8.520721435546875
5.69514274597168
7.589466571807861
13.744551658630371
5.976803779602051
15.71501350402832
8.520721435546875
5.69514274597168
7.5900559425354
13.743906021118164
5.977066993713379
15.714862823486328
8.520721435546875
5.69514274597168
7.590635299682617
13.743270874023438
5.977325916290283
15.714715003967285
8.520721435546875
5.69514274597168
7.59120512008667
13.742646217346191
5.977580547332764
15.714569091796875
8.520721435546875
5.69514274597168
7.591765403747559
13.742032051086426
5.97783088684082
15.714426040649414
8.520721435546875
5.69514274597168
7.592316150665283
13.74142837524414
5.978076934814453
15.714284896850586
8.520721435546875
5.69514274597168
7.592857837677002
13.74083423614502
5.97831916809082
15.714146614074707
8.520721435546875
5.69514274597168
7.593390464782715
13.740250587463379
5.978557109832764
15.714010238647461
8.520721435546875
5.69514274597168
7.59391450881958
13.739676475524902
5.978791236877441
15.713876724243164
8.520721435546875
5.69514274597168
7.5944294929504395
13.73911190032959
5.9790215492248535
15.7137451171875
8.520721435546875
5.69514274597168
7.594935894012451
13.738556861877441
5.979248046875
15.713615417480469
8.520721435546875
5.69514274597168
7.595434188842773
13.73801040649414
5.979470729827881
15.71348762512207
8.520721435546875
5.69514274597168
7.595923900604248
13.737473487854004
5.979689598083496
15.713362693786621
8.520721435546875
5.69514274597168
7.596405506134033
13.736945152282715
5.979904651641846
15.713239669799805
8.520721435546875
5.69514274597168
7.596879005432129
13.73642635345459
5.980116367340088
15.713118553161621
8.520721435546875
5.69514274597168
7.597344875335693
13.735916137695312
5.9803242683410645
15.71299934387207
8.520721435546875
5.69514274597168
7.597802639007568
13.735414505004883
5.980528831481934
15.712882041931152
8.520721435546875
5.69514274597168
7.598252773284912
13.734920501708984
5.980730056762695
15.712766647338867
8.520721435546875
5.69514274597168
7.598695755004883
13.734435081481934
5.98092794418335
15.712653160095215
8.520721435546875
5.69514274597168
7.599131107330322
13.733957290649414
5.9811224937438965
15.712541580200195
8.520721435546875
5.69514274597168
7.599559307098389
13.733488082885742
5.981313705444336
15.712431907653809
8.520721435546875
5.69514274597168
7.599980354309082
13.733026504516602
5.981502056121826
15.712324142456055
8.520721435546875
5.69514274597168
7.600394248962402
13.732572555541992
5.981687068939209
15.712218284606934
8.520721435546875
5.69514274597168
7.600801467895508
13.732126235961914
5.981869220733643
15.712114334106445
8.520721435546875
5.69514274597168
7.601202011108398
13.731687545776367
5.982048034667969
15.71201229095459
8.520721435546875
5.69514274597168
7.601595878601074
13.731255531311035
5.982223987579346
15.71191120147705
8.520721435546875
5.69514274597168
7.601983070373535
13.730831146240234
5.982397079467773
15.711812019348145
8.520721435546875
5.69514274597168
7.602363586425781
13.730413436889648
5.982567310333252
15.711714744567871
8.520721435546875
5.69514274597168
7.602737903594971
13.730003356933594
5.982734680175781
15.71161937713623
8.520721435546875
5.69514274597168
7.6031060218811035
13.729599952697754
5.982899188995361
15.711524963378906
8.520721435546875
5.69514274597168
7.60346794128418
13.729203224182129
5.983060836791992
15.711432456970215
8.520721435546875
5.69514274597168
7.603823661804199
13.728813171386719
5.983220100402832
15.711341857910156
8.520721435546875
5.69514274597168
7.60417366027832
13.728429794311523
5.983376502990723
15.711252212524414
8.520721435546875
5.69514274597168
7.604517936706543
13.728052139282227
5.983530044555664
15.711164474487305
8.520721435546875
5.69514274597168
7.604856491088867
13.727681159973145
5.9836812019348145
15.711077690124512
8.520721435546875
5.69514274597168
7.605189323425293
13.727315902709961
5.983829975128174
15.710992813110352
8.520721435546875
5.69514274597168
7.60551643371582
13.726957321166992
5.983976364135742
15.710908889770508
8.520721435546875
5.69514274597168
7.605838298797607
13.726604461669922
5.9841203689575195
15.710826873779297
8.520721435546875
5.69514274597168
7.606154918670654
13.72625732421875
5.984261512756348
15.710745811462402
8.520721435546875
5.69514274597168
7.606465816497803
13.725915908813477
5.984400749206543
15.71066665649414
8.520721435546875
5.69514274597168
7.606771945953369
13.725580215454102
5.984537601470947
15.710588455200195
8.520721435546875
5.69514274597168
7.607072830200195
13.725250244140625
5.9846720695495605
15.710511207580566
8.520721435546875
5.69514274597168
7.607368469238281
13.724925994873047
5.984804153442383
15.71043586730957
8.520721435546875
5.69514274597168
7.607659339904785
13.724607467651367
5.984934329986572
15.71036148071289
8.520721435546875
5.69514274597168
7.607945442199707
13.72429370880127
5.985062122344971
15.710288047790527
8.520721435546875
5.69514274597168
7.608226776123047
13.72398567199707
5.985188007354736
15.710216522216797
8.520721435546875
5.69514274597168
7.608503341674805
13.723682403564453
5.985311508178711
15.710145950317383
8.520721435546875
5.69514274597168
7.6087751388549805
13.723383903503418
5.985433101654053
15.710076332092285
8.520721435546875
5.69514274597168
7.609042644500732
13.723091125488281
5.985552787780762
15.710007667541504
8.520721435546875
5.69514274597168
7.6093058586120605
13.722803115844727
5.98567008972168
15.709939956665039
8.520721435546875
5.69514274597168
7.609564304351807
13.722519874572754
5.985785484313965
15.709874153137207
8.520721435546875
5.69514274597168
7.609818458557129
13.722241401672363
5.985898971557617
15.709809303283691
8.520721435546875
5.69514274597168
7.610068321228027
13.721967697143555
5.986010551452637
15.709745407104492
8.520721435546875
5.69514274597168
7.61031436920166
13.721697807312012
5.986120223999023
15.70968246459961
8.520721435546875
5.69514274597168
7.610556125640869
13.72143268585205
5.9862284660339355
15.709620475769043
8.520721435546875
5.69514274597168
7.6107940673828125
13.721172332763672
5.986334800720215
15.709559440612793
8.520721435546875
5.69514274597168
7.611027717590332
13.720915794372559
5.986439228057861
15.70949935913086
8.520721435546875
5.69514274597168
7.611257553100586
13.720664024353027
5.986541748046875
15.709440231323242
8.520721435546875
5.69514274597168
7.611483573913574
13.720416069030762
5.986642837524414
15.709382057189941
8.520721435546875
5.69514274597168
7.611705780029297
13.720171928405762
5.98674201965332
15.709324836730957
8.520721435546875
5.69514274597168
7.611924171447754
13.719932556152344
5.986839771270752
15.709268569946289
8.520721435546875
5.69514274597168
7.6121392250061035
13.719696998596191
5.986935615539551
15.709213256835938
8.520721435546875
5.69514274597168
7.6123504638671875
13.719465255737305
5.987030029296875
15.709158897399902
8.520721435546875
5.69514274597168
7.612558364868164
13.719237327575684
5.987123012542725
15.709105491638184
8.520721435546875
5.69514274597168
7.612762928009033
13.719013214111328
5.9872145652771
15.709053039550781
8.520721435546875
5.69514274597168
7.612963676452637
13.718792915344238
5.987304210662842
15.709001541137695
8.520721435546875
5.69514274597168
7.613161087036133
13.718576431274414
5.987392425537109
15.708950996398926
8.520721435546875
5.69514274597168
7.61335563659668
13.718363761901855
5.987392425537109
15.708950996398926
8.520721435546875
5.69514274597168
7.613546848297119
13.718153953552246
5.987392425537109
15.708950996398926
8.520721435546875
5.69514274597168
7.613734722137451
13.717947959899902
5.987392425537109
15.708950996398926
8.520721435546875
5.69514274597168
7.613919734954834
13.717745780944824
5.987392425537109
15.708950996398926
8.520721435546875
5.69514274597168
7.614101409912109
13.717546463012695
5.987392425537109
15.708950996398926
8.520721435546875
5.69514274597168
7.6142802238464355
13.717350959777832
5.987392425537109
15.708950996398926
8.520721435546875
5.69514274597168
7.614455699920654
13.717158317565918
5.987392425537109
15.708950996398926
8.520721435546875
5.69514274597168
7.614628314971924
13.716968536376953
5.987392425537109
15.708950996398926
8.520721435546875
5.69514274597168
7.614798069000244
13.716782569885254
5.987392425537109
15.708950996398926
8.520721435546875
5.69514274597168
7.614964962005615
13.716599464416504
5.987392425537109
15.708950996398926
8.520721435546875
5.69514274597168
7.615129470825195
13.716419219970703
5.987392425537109
15.708950996398926
8.520721435546875
5.69514274597168
7.615291118621826
13.716241836547852
5.987392425537109
15.708950996398926
8.520721435546875
5.69514274597168
7.615449905395508
13.71606731414795
5.987392425537109
15.708950996398926
8.520721435546875
5.69514274597168
7.615606307983398
13.715895652770996
5.987392425537109
15.708950996398926
8.520721435546875
5.69514274597168
7.61575984954834
13.715726852416992
5.987392425537109
15.708950996398926
8.520721435546875
5.69514274597168
7.61591100692749
13.715560913085938
5.987392425537109
15.708950996398926
8.520721435546875
5.69514274597168
7.616059303283691
13.715397834777832
5.987392425537109
15.708950996398926
8.520721435546875
5.69514274597168
7.616205215454102
13.715237617492676
5.987392425537109
15.708950996398926
8.520721435546875
5.69514274597168
7.616348743438721
13.715080261230469
5.987392425537109
15.708950996398926
8.520721435546875
5.69514274597168
7.616489887237549
13.714925765991211
5.987392425537109
15.708950996398926
8.520721435546875
5.69514274597168
7.616628646850586
13.714773178100586
5.987392425537109
15.708950996398926
8.520721435546875
5.69514274597168
7.616765022277832
13.71462345123291
5.987392425537109
15.708950996398926
8.520721435546875
5.69514274597168
7.616899490356445
13.714476585388184
5.987392425537109
15.708950996398926
8.520721435546875
5.69514274597168
7.617031574249268
13.71433162689209
5.987392425537109
15.708950996398926
8.520721435546875
5.69514274597168
7.617161273956299
13.714189529418945
5.987392425537109
15.708950996398926
8.520721435546875
5.69514274597168
7.617289066314697
13.714049339294434
5.987392425537109
15.708950996398926
8.520721435546875
5.69514274597168
7.617414474487305
13.713912010192871
5.987392425537109
15.708950996398926
8.520721435546875
5.69514274597168
7.617537975311279
13.713776588439941
5.987392425537109
15.708950996398926
8.520721435546875
5.69514274597168
7.617659568786621
13.713643074035645
5.987392425537109
15.708950996398926
8.520721435546875
5.69514274597168
7.617778778076172
13.713512420654297
5.987392425537109
15.708950996398926
8.520721435546875
5.69514274597168
7.61789608001709
13.713383674621582
5.987392425537109
15.708950996398926
8.520721435546875
5.69514274597168
7.618011474609375
13.7132568359375
5.987392425537109
15.708950996398926
8.520721435546875
5.69514274597168
7.618124961853027
13.713132858276367
5.987392425537109
15.708950996398926
8.520721435546875
5.69514274597168
7.618236541748047
13.713010787963867
5.987392425537109
15.708950996398926
8.520721435546875
5.69514274597168
7.618346214294434
13.712890625
5.987392425537109
15.708950996398926
8.520721435546875
5.69514274597168
7.6184539794921875
13.712772369384766
5.987392425537109
15.708950996398926
8.520721435546875
5.69514274597168
7.618560314178467
13.712656021118164
5.987392425537109
15.708950996398926
8.520721435546875
5.69514274597168
7.618664741516113
13.712541580200195
5.987392425537109
15.708950996398926
8.520721435546875
5.69514274597168
7.618767261505127
13.71242904663086
5.987392425537109
15.708950996398926
8.520721435546875
5.69514274597168
7.618868350982666
13.712318420410156
5.987392425537109
15.708950996398926
8.520721435546875
5.69514274597168
7.618967533111572
13.712209701538086
5.987392425537109
15.708950996398926
8.520721435546875
5.69514274597168
7.619065284729004
13.712102890014648
5.987392425537109
15.708950996398926
8.520721435546875
5.69514274597168
7.619161128997803
13.711997985839844
5.987392425537109
15.708950996398926
8.520721435546875
5.69514274597168
7.619255542755127
13.711894989013672
5.987392425537109
15.708950996398926
8.520721435546875
5.69514274597168
7.619348526000977
13.711792945861816
5.987392425537109
15.708950996398926
8.520721435546875
5.69514274597168
7.619439601898193
13.711692810058594
5.987392425537109
15.708950996398926
8.520721435546875
5.69514274597168
7.6195292472839355
13.711594581604004
5.987392425537109
15.708950996398926
8.520721435546875
5.69514274597168
7.619617462158203
13.711498260498047
5.987392425537109
15.708950996398926
8.520721435546875
5.69514274597168
7.619704246520996
13.711402893066406
5.987392425537109
15.708950996398926
8.520721435546875
5.69514274597168
7.6197896003723145
13.711309432983398
5.987392425537109
15.708950996398926
8.520721435546875
5.69514274597168
7.619873523712158
13.711217880249023
5.987392425537109
15.708950996398926
8.520721435546875
5.69514274597168
7.619956016540527
13.711127281188965
5.987392425537109
15.708950996398926
8.520721435546875
5.69514274597168
7.620037078857422
13.711038589477539
5.987392425537109
15.708950996398926
8.520721435546875
5.69514274597168
7.620116710662842
13.71095085144043
5.987392425537109
15.708950996398926
8.520721435546875
5.69514274597168
7.620194911956787
13.710865020751953
5.987392425537109
15.708950996398926
8.520721435546875
5.69514274597168
7.620272159576416
13.710780143737793
5.987392425537109
15.708950996398926
8.520721435546875
5.69514274597168
7.62034797668457
13.710697174072266
5.987392425537109
15.708950996398926
8.520721435546875
5.69514274597168
7.62042236328125
13.710615158081055
5.987392425537109
15.708950996398926
8.520721435546875
5.69514274597168
7.620495796203613
13.710535049438477
5.987392425537109
15.708950996398926
8.520721435546875
5.69514274597168
7.620567798614502
13.710455894470215
5.987392425537109
15.708950996398926
8.520721435546875
5.69514274597168
7.620638847351074
13.710378646850586
5.987392425537109
15.708950996398926
8.520721435546875
5.69514274597168
7.620708465576172
13.710302352905273
5.987392425537109
15.708950996398926
8.520721435546875
5.69514274597168
7.620777130126953
13.710227012634277
