8.016952514648438
3.9447035789489746
2.952850818634033
1.7247421741485596
8.993585586547852
5.6838603019714355
6.399667739868164
5.067699909210205
2.952850818634033
1.7247421741485596
8.892603874206543
7.672111511230469
5.661457538604736
3.814654588699341
2.952850818634033
1.7247421741485596
8.793304443359375
9.627224922180176
4.935550689697266
2.582493305206299
2.952850818634033
1.7247421741485596
8.695660591125488
11.549753189086914
4.8253679275512695
1.7207695245742798
2.3492252826690674
1.374840497970581
8.59964370727539
13.440239906311035
4.8233642578125
1.034257411956787
1.6649019718170166
1.018340826034546
8.505227088928223
15.29921817779541
4.822019100189209
1.4200174808502197
1.2068979740142822
1.2183679342269897
8.412384033203125
17.127214431762695
4.8206963539123535
1.79934823513031
1.1240800619125366
1.3802250623703003
8.321088790893555
18.92474365234375
4.819395542144775
2.1723568439483643
1.3455122709274292
1.508946418762207
8.259988784790039
18.151968002319336
4.818116188049316
2.5391485691070557
1.5632539987564087
1.6355223655700684
8.201247215270996
17.282913208007812
4.816858291625977
2.899827241897583
1.7773666381835938
1.759988784790039
8.143485069274902
16.428342819213867
4.815621376037598
3.2544946670532227
1.9879107475280762
1.882380723953247
8.086685180664062
15.588014602661133
4.8144049644470215
3.6032509803771973
2.194945812225342
2.002732753753662
8.030832290649414
14.76169204711914
4.813209056854248
3.946194648742676
2.3985302448272705
2.1210789680480957
7.975910186767578
13.949141502380371
4.812033176422119
4.283422470092773
2.598721742630005
2.237452745437622
7.921903610229492
13.15013313293457
4.810876846313477
4.615029811859131
2.795576572418213
2.3518869876861572
7.868797302246094
12.364441871643066
4.809739589691162
4.941110610961914
2.9891505241394043
2.46441388130188
7.81657600402832
11.591845512390137
4.808920860290527
4.867246627807617
3.1794981956481934
2.5750653743743896
7.765224933624268
10.832125663757324
4.808189392089844
4.709595680236816
3.366673469543457
2.683872699737549
7.7147297859191895
10.085067749023438
4.807469844818115
4.554572105407715
3.550729274749756
2.7908666133880615
7.66507625579834
9.35046100616455
4.868147373199463
4.488406181335449
3.6703319549560547
2.8098032474517822
7.616250038146973
8.628097534179688
5.002237796783447
4.527964115142822
3.713517665863037
2.7238035202026367
7.568237781524658
7.917773246765137
5.134093284606934
4.5668625831604
3.755983591079712
2.63923716545105
7.521025657653809
7.219287872314453
5.263751029968262
4.6051130294799805
3.797741651535034
2.5560801029205322
7.474600315093994
6.532444000244141
5.391247749328613
4.642725944519043
3.838803768157959
2.474308967590332
7.428948879241943
5.857047080993652
5.480401992797852
4.65342378616333
3.8791816234588623
2.3939008712768555
7.420276165008545
5.2191948890686035
5.370151996612549
4.508347988128662
3.918886423110962
2.314832925796509
7.609665870666504
4.7475690841674805
5.261739730834961
4.365689754486084
3.9579293727874756
2.2370827198028564
7.795899391174316
4.283803939819336
5.155134201049805
4.225409507751465
3.996321678161621
2.160628318786621
7.979028701782227
3.827768087387085
5.050305366516113
4.087467193603516
4.034074306488037
2.0854480266571045
8.159106254577637
3.3793327808380127
4.947223663330078
3.9518239498138428
4.071197509765625
2.0115208625793457
8.336182594299316
2.938371419906616
4.845860004425049
3.818441390991211
4.107702255249023
1.9388258457183838
8.510307312011719
2.5047593116760254
4.77719783782959
3.736219644546509
4.11258602142334
1.8184043169021606
8.681529998779297
2.078374147415161
4.722171306610107
3.6725172996520996
4.104897499084473
1.6828409433364868
8.849899291992188
1.659095287322998
4.668062210083008
3.6098766326904297
4.097336769104004
1.549536943435669
8.989925384521484
1.2538224458694458
4.61485481262207
3.5482800006866455
4.089902400970459
1.4184547662734985
8.911959648132324
1.023536205291748
4.562534332275391
3.4877099990844727
4.082591533660889
1.2895572185516357
8.858688354492188
1.1691715717315674
4.511085510253906
3.428149461746216
4.075402736663818
1.1628079414367676
8.806304931640625
1.3123795986175537
4.460494518280029
3.369581699371338
4.068333625793457
1.0381711721420288
8.754794120788574
1.4532008171081543
4.4107465744018555
3.3119900226593018
4.0628886222839355
1.044537901878357
8.704142570495605
1.591675043106079
4.361827850341797
3.2553582191467285
4.058339595794678
1.104796290397644
8.654335021972656
1.7278413772583008
4.313724517822266
3.1996703147888184
4.053866386413574
1.1640503406524658
8.60535717010498
1.8617382049560547
4.273528575897217
3.1867525577545166
4.042361736297607
1.1804747581481934
8.557195663452148
1.993403434753418
4.2420430183410645
3.2182459831237793
4.023008823394775
1.152429461479187
8.50983715057373
2.1228742599487305
4.2110819816589355
3.2492146492004395
4.003978252410889
1.1248515844345093
8.46326732635498
2.2501871585845947
4.180636882781982
3.2796671390533447
3.985265016555786
1.0977333784103394
8.417473793029785
2.375378370285034
4.150699138641357
3.3096120357513428
3.9668636322021484
1.0710670948028564
8.372444152832031
2.4984829425811768
4.121260643005371
3.3390579223632812
3.9487688541412354
1.0448452234268188
8.328165054321289
2.6195359230041504
4.092312812805176
3.3680129051208496
3.9309756755828857
1.019060492515564
8.284623146057129
2.7385711669921875
4.063847541809082
3.3964853286743164
3.9137778282165527
1.005491018295288
8.241806983947754
2.8556225299835205
4.0358567237854
3.424483299255371
3.902327537536621
1.0179572105407715
8.199705123901367
2.9707231521606445
4.008332252502441
3.452014684677124
3.89106822013855
1.0302156209945679
8.158304214477539
3.0839054584503174
3.981266498565674
3.4790871143341064
3.8799965381622314
1.0422698259353638
8.117593765258789
3.1952013969421387
3.9546518325805664
3.5057084560394287
3.8691093921661377
1.054123044013977
8.077561378479004
3.3046422004699707
3.928480625152588
3.531886100769043
3.8584036827087402
1.0657787322998047
8.038196563720703
3.412259101867676
3.9027457237243652
3.5576274394989014
3.8478763103485107
1.0772401094436646
7.99948787689209
3.5180823802948
3.8774397373199463
3.582939624786377
3.8375244140625
1.088510513305664
7.961424350738525
3.6221418380737305
3.852555513381958
3.607830047607422
3.827345132827759
1.0995930433273315
7.923995018005371
3.7244670391082764
3.8280858993530273
3.63230562210083
3.817335367202759
1.1104909181594849
7.887189865112305
3.825086832046509
3.8040242195129395
3.6563732624053955
3.80749249458313
1.1212071180343628
7.8509979248046875
3.924029588699341
3.7803635597229004
3.680039644241333
3.797813653945923
1.1317447423934937
7.815409183502197
4.021323204040527
3.7570972442626953
3.7033116817474365
3.7882962226867676
1.1421067714691162
7.780413627624512
4.116995334625244
3.7342185974121094
3.726195812225342
3.778937339782715
1.1522960662841797
7.746001243591309
4.21107292175293
3.711721420288086
3.7486984729766846
3.7697343826293945
1.1623154878616333
7.712162494659424
4.303582668304443
3.68959903717041
3.7708261013031006
3.7606849670410156
1.1721680164337158
7.678887844085693
4.394550323486328
3.6678454875946045
3.7925851345062256
3.751786231994629
1.1818562746047974
7.646167755126953
4.484002113342285
3.6464545726776123
3.813981533050537
3.7430357933044434
1.1913831233978271
7.613992691040039
4.571962833404541
3.625420093536377
3.8350212574005127
3.734431266784668
1.2007511854171753
7.5823540687561035
4.6584577560424805
3.604736089706421
3.85571026802063
3.7259700298309326
1.209963083267212
7.551242828369141
4.743511199951172
3.5843968391418457
3.876054525375366
3.7176499366760254
1.2190214395523071
7.5206499099731445
4.827147006988525
3.564396619796753
3.89605975151062
3.7094686031341553
1.227928876876831
7.490566730499268
4.909389019012451
3.544729709625244
3.915731430053711
3.701423406600952
1.2366877794265747
7.46098518371582
4.990260124206543
3.525390625
3.935075283050537
3.693512439727783
1.2453007698059082
7.431896686553955
5.0697832107543945
3.506373882293701
3.954096794128418
3.6857333183288574
1.253770112991333
7.403293132781982
5.1479811668396
3.4876739978790283
3.9728012084960938
3.678083896636963
1.2620983123779297
7.375165939331055
5.2248759269714355
3.469285726547241
3.991194009780884
3.6705617904663086
1.2702877521514893
7.347507476806641
5.3004889488220215
3.4512040615081787
4.009280204772949
3.6631650924682617
1.2783406972885132
7.320310115814209
5.374841690063477
3.4334237575531006
4.027064800262451
3.6558916568756104
1.286259412765503
7.2935662269592285
5.447955131530762
3.4159398078918457
4.044553279876709
3.6487395763397217
1.29404616355896
7.267268180847168
5.519850254058838
3.398747205734253
4.0617499351501465
3.641706705093384
1.3017030954360962
7.241408348083496
5.59054708480835
3.3818411827087402
4.078660011291504
3.6347908973693848
1.309232473373413
7.21597957611084
5.660065650939941
3.3652169704437256
4.095288276672363
3.627990484237671
1.316636323928833
7.190974235534668
5.7284255027771
3.348869800567627
4.111639499664307
3.6213033199310303
1.3239167928695679
7.166385650634766
5.7956461906433105
3.3327951431274414
4.127718448638916
3.614727735519409
1.33107590675354
7.142207145690918
5.861746311187744
3.316988229751587
4.143529415130615
3.6082615852355957
1.3381156921386719
7.118431568145752
5.9267449378967285
3.3014447689056396
4.159076690673828
3.601903200149536
1.3450381755828857
7.095052242279053
5.990660190582275
3.286160469055176
4.1743645668029785
3.5956509113311768
1.3518452644348145
7.0720624923706055
6.0535101890563965
3.2711308002471924
4.189397811889648
3.5895028114318848
1.3585388660430908
7.0494561195373535
6.115312576293945
3.2563517093658447
4.204180717468262
3.5834572315216064
1.3651210069656372
7.027226448059082
6.176084995269775
3.241818904876709
4.218717098236084
3.577512264251709
1.3715933561325073
7.005367279052734
6.235844612121582
3.2275283336639404
4.233011245727539
3.5716664791107178
1.377957820892334
7.016114711761475
6.280189037322998
3.2134759426116943
4.247066974639893
3.565918207168579
1.38421630859375
7.0266828536987305
6.323794364929199
3.199657678604126
4.260888576507568
3.56026554107666
1.390370488166809
7.037075042724609
6.366672992706299
3.1860697269439697
4.274479866027832
3.5547070503234863
1.396422028541565
7.0472941398620605
6.408836841583252
3.17270827293396
4.287844657897949
3.549241304397583
1.4023727178573608
7.057343006134033
6.450297832489014
3.159569501876831
4.3009867668151855
3.5438666343688965
1.4082242250442505
7.067224025726318
6.491067886352539
3.1466498374938965
4.313909530639648
3.538581609725952
1.4139782190322876
7.076940536499023
6.531158447265625
3.1339454650878906
4.326617240905762
3.5333845615386963
1.4196363687515259
7.0864949226379395
6.570580959320068
3.121452808380127
4.339113235473633
3.5282742977142334
1.4252002239227295
7.095890045166016
6.609346389770508
3.109168291091919
4.351400852203369
3.5232491493225098
1.4306713342666626
7.105128765106201
6.647465705871582
3.097088575363159
4.363483428955078
3.518307685852051
1.4360512495040894
7.114213466644287
6.68494987487793
3.085210084915161
4.375364780426025
3.513448715209961
1.441341519355774
7.123147010803223
6.721808910369873
3.0735297203063965
4.387048244476318
3.5086705684661865
1.446543574333191
7.131931304931641
6.758053779602051
3.0620439052581787
4.398536682128906
3.503972053527832
1.4516589641571045
7.14056921005249
6.793694496154785
3.0507495403289795
4.409833908081055
3.499351978302002
1.4566891193389893
7.1490631103515625
6.828741550445557
3.0396435260772705
4.420942783355713
3.4948089122772217
1.4616353511810303
7.157415866851807
6.863204479217529
3.0287225246429443
4.431866645812988
3.4903414249420166
1.4664992094039917
7.1656293869018555
6.897092819213867
3.0179834365844727
4.44260835647583
3.4859485626220703
1.4712820053100586
7.173705577850342
6.930416584014893
3.0074234008789062
4.4531707763671875
3.481628894805908
1.475985050201416
7.181647300720215
6.963184833526611
2.997039318084717
4.463557243347168
3.4773812294006348
1.4806097745895386
7.189456939697266
6.995406627655029
2.986828327178955
4.473770618438721
3.4732043743133545
1.4851573705673218
7.197136402130127
7.0270915031433105
2.976787567138672
4.483813762664795
3.469097137451172
1.4896291494369507
7.204687595367432
7.058248519897461
2.966914176940918
4.49368953704834
3.4650583267211914
1.4940264225006104
7.212112903594971
7.088886260986328
2.957205295562744
4.503400802612305
3.4610867500305176
1.4983503818511963
7.219414710998535
7.11901330947876
2.9476583003997803
4.512950420379639
3.457181453704834
1.5026023387908936
7.226594924926758
7.1486382484436035
2.938270330429077
4.522340774536133
3.453341245651245
1.506783366203308
7.2336554527282715
7.177769184112549
2.9290387630462646
4.531574726104736
3.4495649337768555
1.510894775390625
7.240598201751709
7.206414699554443
2.9199612140655518
4.54065465927124
3.4458515644073486
1.5149376392364502
7.247425079345703
7.234582901000977
2.9110348224639893
4.5495829582214355
3.442200183868408
1.5189131498336792
7.254138469696045
7.26228141784668
2.902257204055786
4.5583624839782715
3.4386096000671387
1.522822380065918
7.260739803314209
7.289518356323242
2.8936259746551514
4.566995620727539
3.4350788593292236
1.5266664028167725
7.267230987548828
7.316301345825195
2.885138511657715
4.5754852294921875
3.4316070079803467
1.5304464101791382
7.273613929748535
7.34263801574707
2.8767926692962646
4.58383321762085
3.4281928539276123
1.5341633558273315
7.279890537261963
7.368535995483398
2.8685858249664307
4.592041969299316
3.424835681915283
1.537818431854248
7.286062717437744
7.3940019607543945
2.860515832901001
4.600113868713379
3.421534538269043
1.541412591934204
7.2921319007873535
7.41904354095459
2.8525803089141846
4.608051300048828
3.418288469314575
1.5449467897415161
7.298099994659424
7.443667888641357
2.8447771072387695
4.615856647491455
3.4150962829589844
1.54842209815979
7.30396842956543
7.467881679534912
2.837103843688965
4.623531818389893
3.4119575023651123
1.5518394708633423
7.309739112854004
7.491692066192627
2.8295586109161377
4.631079196929932
3.4088709354400635
1.5551998615264893
7.315413475036621
7.515105724334717
2.822139024734497
4.638500690460205
3.4058358669281006
1.558504343032837
7.320993423461914
7.538128852844238
2.81484317779541
4.645798206329346
3.4028513431549072
1.561753749847412
7.326480388641357
7.5607686042785645
2.807668924331665
4.6529741287231445
3.399916648864746
1.5649489164352417
7.331875801086426
7.583030700683594
2.80061411857605
4.660030841827393
3.397030830383301
1.5680909156799316
7.337181568145752
7.604921817779541
2.7936768531799316
4.6669697761535645
3.394192934036255
1.5711804628372192
7.342398643493652
7.626448154449463
2.7868552207946777
4.673792839050293
3.39140248298645
1.574218511581421
7.34752893447876
7.647615909576416
2.7801473140716553
4.680502414703369
3.3886585235595703
1.577206015586853
7.352573871612549
7.668430805206299
2.7735512256622314
4.687099933624268
3.385960340499878
1.580143690109253
7.357534408569336
7.68889856338501
2.7670650482177734
4.693587779998779
3.3833069801330566
1.5830323696136475
7.362412452697754
7.7090253829956055
2.7606871128082275
4.699967384338379
3.3806979656219482
1.5858728885650635
7.367208957672119
7.728816509246826
2.754415273666382
4.706240653991699
3.3781323432922363
1.5886660814285278
7.3719258308410645
7.7482781410217285
2.7482481002807617
4.712409496307373
3.3756096363067627
1.5914127826690674
7.376564025878906
7.7674150466918945
2.7421836853027344
4.718475341796875
3.373128890991211
1.5941137075424194
7.381124973297119
7.786233425140381
2.736220359802246
4.724440097808838
3.3706893920898438
1.5967695713043213
7.3856096267700195
7.8047380447387695
2.730356454849243
4.7303056716918945
3.368290662765503
1.5993812084197998
7.39001989364624
7.822934150695801
2.724590301513672
4.7360734939575195
3.365931987762451
1.6019493341445923
7.3943562507629395
7.840826988220215
2.7189202308654785
4.7417449951171875
3.363612413406372
1.604474663734436
7.39862060546875
7.858421802520752
2.7133445739746094
4.747322082519531
3.3613317012786865
1.6069577932357788
7.402813911437988
7.875723361968994
2.70786190032959
4.752806186676025
3.359088897705078
1.6093995571136475
7.406937122344971
7.892736434936523
2.702470541000366
4.7581987380981445
3.3568835258483887
1.6118006706237793
7.410991668701172
7.909465789794922
2.697169065475464
4.7635016441345215
3.354714870452881
1.614161729812622
7.414978504180908
7.92591667175293
2.691956043243408
4.768715858459473
3.3525824546813965
1.616483449935913
7.418899059295654
7.942093372344971
2.6868298053741455
4.773843288421631
3.3504855632781982
1.6187664270401
7.422754287719727
7.958000183105469
2.681788921356201
4.778885364532471
3.348423480987549
1.6210113763809204
7.426545143127441
7.973641872406006
2.6768321990966797
4.783843517303467
3.34639573097229
1.6232188940048218
7.430273056030273
7.989022731781006
2.6719579696655273
4.7887187004089355
3.3444018363952637
1.6253896951675415
7.433938980102539
8.00414752960205
2.6671650409698486
4.79351282119751
3.3424413204193115
1.6275242567062378
7.4375433921813965
8.019020080566406
2.662451982498169
4.798226833343506
3.3405134677886963
1.629623293876648
7.44108772277832
8.033644676208496
2.6578176021575928
4.802862644195557
3.3386175632476807
1.6316872835159302
7.444572925567627
8.048026084899902
2.6532604694366455
4.8074212074279785
3.3367533683776855
1.6337169408798218
7.448000431060791
8.062167167663574
2.6487791538238525
4.811903476715088
3.3349201679229736
1.635712742805481
7.451370716094971
8.076072692871094
2.6443724632263184
4.816311359405518
3.3331174850463867
1.6376752853393555
7.454684734344482
8.089746475219727
2.6400392055511475
4.820645809173584
3.3313448429107666
1.639605164527893
7.457943439483643
8.103192329406738
2.6357781887054443
4.8249077796936035
3.329601764678955
1.641502857208252
7.461147785186768
8.116414070129395
2.6315882205963135
4.829098701477051
3.327887773513794
1.6433689594268799
7.464298725128174
8.129415512084961
2.6274681091308594
4.8332200050354
3.326202392578125
1.645203948020935
7.467397212982178
8.142200469970703
2.6234166622161865
4.837272644042969
3.32454514503479
1.6470082998275757
7.470444202423096
8.15477180480957
2.6194326877593994
4.841257572174072
3.322915554046631
1.6487826108932495
7.473440170288086
8.167134284973145
2.6155152320861816
4.8451762199401855
3.3213131427764893
1.6505273580551147
7.476386547088623
8.179290771484375
2.6116631031036377
4.849029541015625
3.319737434387207
1.6522430181503296
7.479283809661865
8.191244125366211
2.607875108718872
4.852818489074707
3.318187952041626
1.6539300680160522
7.482132434844971
8.202998161315918
2.6041502952575684
4.856544494628906
3.316664218902588
1.655588984489441
7.484933853149414
8.214556694030762
2.600487470626831
4.860208034515381
3.3151659965515137
1.6572202444076538
7.4876885414123535
8.225922584533691
2.5968856811523438
4.8638105392456055
3.313692569732666
1.6588243246078491
7.4903974533081055
8.237098693847656
2.59334397315979
4.8673529624938965
3.312243700027466
1.660401701927185
7.493061065673828
8.248088836669922
2.5898613929748535
4.8708367347717285
3.310819149017334
1.6619527339935303
7.495680332183838
8.258895874023438
2.5864367485046387
4.87426233291626
3.309418201446533
1.663477897644043
7.498255729675293
8.269522666931152
2.583069086074829
4.877630710601807
3.3080406188964844
1.6649776697158813
7.50078821182251
8.279972076416016
2.5797576904296875
4.8809428215026855
3.3066859245300293
1.6664525270462036
7.503278732299805
8.290247917175293
2.5765013694763184
4.884200096130371
3.305353879928589
1.6679027080535889
7.505727767944336
8.300352096557617
2.5732994079589844
4.8874030113220215
3.304044008255005
1.6693288087844849
7.508135795593262
8.310288429260254
2.570150852203369
4.890552520751953
3.3027560710906982
1.6707310676574707
7.510503768920898
8.320058822631836
2.5670547485351562
4.893649578094482
3.3014895915985107
1.6721099615097046
7.512832164764404
8.329666137695312
2.5640101432800293
4.896694660186768
3.300244092941284
1.6734658479690552
7.515121936798096
8.339113235473633
2.561016321182251
4.899689197540283
3.2990193367004395
1.6747992038726807
7.517373561859131
8.348402976989746
2.558072328567505
4.9026336669921875
3.2978150844573975
1.6761102676391602
7.519587516784668
8.357538223266602
2.5551774501800537
4.905529022216797
3.296630859375
1.6773995161056519
7.521764755249023
8.366520881652832
2.55233097076416
4.908376216888428
3.295466423034668
1.6786673069000244
7.5239057540893555
8.375353813171387
2.549531936645508
4.9111762046813965
3.294321298599243
1.6799139976501465
7.526010990142822
8.384039878845215
2.5467793941497803
4.913929462432861
3.2931952476501465
1.6811398267745972
7.528080940246582
8.39258098602295
2.5440728664398193
4.916636943817139
3.292088031768799
1.6823452711105347
7.530116558074951
8.400979995727539
2.5414113998413086
4.919299125671387
3.290999412536621
1.683530569076538
7.532118320465088
8.409238815307617
2.5387942790985107
4.921916961669922
3.289928913116455
1.6846961975097656
7.53408670425415
8.417360305786133
2.5362207889556885
4.924490928649902
3.2888760566711426
1.6858423948287964
7.536022186279297
8.425346374511719
2.5336902141571045
4.9270219802856445
3.2878408432006836
1.6869693994522095
7.5379252433776855
8.433198928833008
2.5312018394470215
4.929511070251465
3.28682279586792
1.688077688217163
7.539796829223633
8.44092082977295
2.528754949569702
4.9319586753845215
3.2858219146728516
1.6891674995422363
7.541636943817139
8.448513984680176
2.526348829269409
4.934365272521973
3.2848377227783203
1.6902391910552979
7.5434465408325195
8.45598030090332
2.5239827632904053
4.936731815338135
3.283869743347168
1.6912930011749268
7.545226097106934
8.463322639465332
2.521656036376953
4.939059257507324
3.2829179763793945
1.6923291683197021
7.546976089477539
8.470541954040527
2.5193681716918945
4.941347599029541
3.281982183456421
1.6933481693267822
7.548696517944336
8.477641105651855
2.517118453979492
4.943597793579102
3.281061887741089
1.6943501234054565
7.550388336181641
8.48462200164795
2.514906167984009
4.945810794830322
3.2801568508148193
1.6953353881835938
7.552052021026611
8.491486549377441
2.512730836868286
4.947986602783203
3.2792670726776123
1.696304202079773
7.553688049316406
8.498236656188965
2.510591745376587
4.9501261711120605
3.2783920764923096
1.6972569227218628
7.555296897888184
8.504874229431152
2.508488178253174
4.952229976654053
3.277531623840332
1.6981937885284424
7.556879043579102
8.511401176452637
2.5064196586608887
4.954298973083496
3.2766854763031006
1.6991150379180908
7.55843448638916
8.51781940460205
2.5043857097625732
4.956333637237549
3.275853395462036
1.7000209093093872
7.559964179992676
8.524130821228027
2.5023856163024902
4.958333969116211
3.2750351428985596
1.7009116411209106
7.561468124389648
8.5303373336792
2.5004189014434814
4.960301399230957
3.274230718612671
1.7017875909805298
7.5629472732543945
8.536439895629883
2.4984848499298096
4.962235927581787
3.273439645767212
1.7026488780975342
7.564401626586914
8.542441368103027
2.4965832233428955
4.964138031005859
3.2726616859436035
1.7034958600997925
7.565831661224365
8.54834270477295
2.494713306427002
4.96600866317749
3.2718968391418457
1.7043286561965942
7.567237854003906
8.554145812988281
2.4928743839263916
4.96784782409668
3.2711446285247803
1.705147624015808
7.568620681762695
8.55985164642334
2.4910662174224854
4.969656467437744
3.2704050540924072
1.7059528827667236
7.569980621337891
8.565462112426758
2.489288091659546
4.971435070037842
3.2696776390075684
1.7067447900772095
7.571317672729492
8.570979118347168
2.487539768218994
4.973184108734131
3.2689623832702637
1.7075234651565552
7.572632789611816
8.576404571533203
2.4858205318450928
4.974903583526611
3.268259048461914
1.7082891464233398
7.573925971984863
8.58173942565918
2.4841299057006836
4.9765944480896
3.2675673961639404
1.7090420722961426
7.575197219848633
8.58698558807373
2.4824674129486084
4.978257179260254
3.2668874263763428
1.7097824811935425
7.576447486877441
8.592144012451172
2.480832576751709
4.979892253875732
3.266218662261963
1.710510492324829
7.577676773071289
8.597216606140137
2.4792251586914062
4.981500148773193
3.265561103820801
1.711226463317871
7.578885555267334
8.602204322814941
2.477644443511963
4.983081340789795
3.2649145126342773
1.7119303941726685
7.580074310302734
8.607109069824219
2.4760901927948
4.984636306762695
3.2642786502838135
1.7126226425170898
7.581243515014648
8.611932754516602
2.4745616912841797
4.9861650466918945
3.263653516769409
1.7133033275604248
7.582393169403076
8.61667537689209
2.4730587005615234
4.987668514251709
3.2630386352539062
1.7139726877212524
7.583523273468018
8.621338844299316
2.471580743789673
4.989146709442139
3.2624340057373047
1.7146309614181519
7.584634780883789
8.625925064086914
2.4701273441314697
4.9906005859375
3.2618393898010254
1.7152782678604126
7.585727691650391
8.6304349899292
2.468698263168335
4.992030143737793
3.2612547874450684
1.7159147262573242
7.5868024826049805
8.634869575500488
2.4672930240631104
4.993435859680176
3.2606799602508545
1.7165405750274658
7.587859153747559
8.639229774475098
2.4659111499786377
4.994818210601807
3.2601146697998047
1.7171560525894165
7.588898181915283
8.64351749420166
2.464552402496338
4.9961771965026855
3.259558916091919
1.7177611589431763
7.5899200439453125
8.647733688354492
2.4632163047790527
4.997513771057129
3.259012222290039
1.7183562517166138
7.5909247398376465
8.651880264282227
2.461902379989624
4.998827934265137
3.258474826812744
1.7189414501190186
7.591912746429443
8.655957221984863
2.4606103897094727
5.000120162963867
3.257946252822876
1.7195168733596802
7.592884540557861
8.659966468811035
2.4593398571014404
5.0013909339904785
3.2574265003204346
1.7200826406478882
7.5938401222229
8.663908958435059
2.4580905437469482
5.002640724182129
3.25691556930542
1.7206389904022217
7.5947794914245605
8.66778564453125
2.456861972808838
5.003869533538818
3.256412982940674
1.7211861610412598
7.595703601837158
8.671597480773926
2.4556539058685303
5.005077838897705
3.2559187412261963
1.7217241525650024
7.596611976623535
8.675346374511719
2.4544661045074463
5.006266117095947
3.2554328441619873
1.7222532033920288
7.59750509262085
8.679032325744629
2.4532980918884277
5.007434368133545
3.2549550533294678
1.7227734327316284
7.59838342666626
8.682657241821289
2.4521493911743164
5.008583068847656
3.2544851303100586
1.7232849597930908
7.599247455596924
8.6862211227417
2.4510200023651123
5.0097126960754395
3.2540230751037598
1.7237880229949951
7.600096702575684
8.689725875854492
2.4499094486236572
5.010823726654053
3.253568649291992
1.7242826223373413
7.6009321212768555
8.693172454833984
2.448817253112793
5.011916160583496
3.253121852874756
1.7247689962387085
7.601753234863281
8.696560859680176
2.4477434158325195
5.012990474700928
3.2526824474334717
1.7252472639083862
7.602560997009277
8.6998929977417
2.4466874599456787
5.014046669006348
3.2522504329681396
1.725717544555664
7.603355407714844
8.703169822692871
2.4456491470336914
5.015085220336914
3.2518255710601807
1.7261799573898315
7.6041364669799805
8.706392288208008
2.4446280002593994
5.016106605529785
3.2514078617095947
1.7266347408294678
7.6049041748046875
8.70956039428711
2.4436240196228027
5.017110824584961
3.2509970664978027
1.7270818948745728
7.605659484863281
8.712676048278809
2.442636728286743
5.0180983543396
3.2505931854248047
1.7275216579437256
7.6064019203186035
8.715740203857422
2.4416658878326416
5.019069671630859
3.2501959800720215
1.7279540300369263
7.6071319580078125
8.71875286102295
2.440711259841919
5.02002477645874
3.249805450439453
1.728379249572754
7.607850074768066
8.721714973449707
2.439772367477417
5.020963668823242
3.2494213581085205
1.7287973165512085
7.608556270599365
8.724628448486328
2.4388492107391357
5.021886825561523
3.2490437030792236
1.7292084693908691
7.609250545501709
8.727493286132812
2.437941551208496
5.022794723510742
3.2486722469329834
1.7296127080917358
7.609933376312256
8.730310440063477
2.43704891204834
5.023687362670898
3.2483069896698
1.7300102710723877
7.610604763031006
8.73307991027832
2.436171054840088
5.02456521987915
3.247947931289673
1.7304011583328247
7.611264705657959
8.735803604125977
2.4353079795837402
5.025428771972656
3.2475948333740234
1.730785608291626
7.611913681030273
8.738481521606445
2.4344592094421387
5.026277542114258
3.2472476959228516
1.7311636209487915
7.612552165985107
8.74111557006836
2.433624505996704
5.0271124839782715
3.246906280517578
1.7315353155136108
7.613179683685303
8.743705749511719
2.4328038692474365
5.027933597564697
3.246570587158203
1.7319008111953735
7.613796710968018
8.746252059936523
2.4319968223571777
5.028740882873535
3.2462403774261475
1.7322602272033691
7.61440372467041
8.748756408691406
2.4312033653259277
5.029534816741943
3.245915651321411
1.7326136827468872
7.6150007247924805
8.751218795776367
2.4304230213165283
5.030315399169922
3.245596408843994
1.7329611778259277
7.6155877113342285
8.753640174865723
2.4296557903289795
5.031083106994629
3.2452824115753174
1.7333029508590698
7.616164684295654
8.756021499633789
2.428901195526123
5.0318379402160645
3.244973659515381
1.7336390018463135
7.616732120513916
8.758362770080566
2.428159236907959
5.0325798988342285
3.2446701526641846
1.7339694499969482
7.617290019989014
8.760664939880371
2.427429676055908
5.033309459686279
3.2443716526031494
1.7342944145202637
7.6178388595581055
8.76292896270752
2.4267122745513916
5.034027099609375
3.2440781593322754
1.7346138954162598
7.618378639221191
8.765154838562012
2.42600679397583
5.034732818603516
3.2437896728515625
1.7349281311035156
7.6189093589782715
8.767343521118164
2.4253129959106445
5.035426616668701
3.2435059547424316
1.7352371215820312
7.619431018829346
8.769495964050293
2.424630880355835
5.03610897064209
3.243227005004883
1.7355409860610962
7.619944095611572
8.771613121032715
2.423959970474243
5.036779880523682
3.242952585220337
1.7358397245407104
7.620448589324951
8.77369499206543
2.423300266265869
5.037439823150635
3.242682695388794
1.7361334562301636
7.620944499969482
8.775741577148438
2.422651529312134
5.038088798522949
3.242417335510254
1.7364223003387451
7.621432304382324
8.777753829956055
2.422013759613037
5.038726806640625
3.242156505584717
1.7367063760757446
7.621912002563477
8.779732704162598
2.421386480331421
5.03935432434082
3.2418999671936035
1.736985683441162
7.6223835945129395
8.781679153442383
2.420769691467285
5.039971351623535
3.241647720336914
1.737260341644287
7.622847557067871
8.78359317779541
2.420163154602051
5.0405778884887695
3.2413995265960693
1.7375304698944092
7.623303413391113
8.78547477722168
2.4195668697357178
5.041174411773682
3.2411556243896484
1.7377960681915283
7.623752117156982
8.787324905395508
2.418980360031128
5.0417609214782715
3.2409157752990723
1.738057255744934
7.62419319152832
8.789144515991211
2.4184036254882812
5.042337894439697
3.240679979324341
1.7383140325546265
7.624626636505127
8.790933609008789
2.4178366661071777
5.042904853820801
3.240447998046875
1.738566517829895
7.6250529289245605
8.792693138122559
2.417279005050659
5.043462753295898
3.240219831466675
1.7388148307800293
7.625472068786621
8.79442310333252
2.4167306423187256
5.044011116027832
3.2399954795837402
1.7390589714050293
7.625884532928467
8.796124458312988
2.416191577911377
5.04455041885376
3.2397749423980713
1.7392990589141846
7.6262898445129395
8.797797203063965
2.415661334991455
5.045080661773682
3.239557981491089
1.7395352125167847
7.626688480377197
8.799442291259766
2.41513991355896
5.045602321624756
3.239344835281372
1.7397674322128296
7.62708044052124
8.80105972290039
2.4146273136138916
5.046114921569824
3.2391350269317627
1.7399957180023193
7.627466201782227
8.802650451660156
2.414123296737671
5.046618938446045
3.23892879486084
1.7402201890945435
7.627845287322998
8.804214477539062
2.4136276245117188
5.047114849090576
3.2387261390686035
1.7404409646987915
7.628218173980713
8.805752754211426
2.413140296936035
5.04760217666626
3.2385268211364746
1.7406580448150635
7.628584861755371
8.807265281677246
2.412661075592041
5.048081398010254
3.238330841064453
1.740871548652649
7.628945350646973
8.80875301361084
2.4121897220611572
5.048552989959717
3.23813796043396
1.7410814762115479
7.629299640655518
8.810215950012207
2.411726236343384
5.04901647567749
3.237948417663574
1.7412878274917603
7.629648208618164
8.811654090881348
2.4112706184387207
5.049472332000732
3.237761974334717
1.7414908409118652
7.629991054534912
8.813068389892578
2.4108223915100098
5.049920558929443
3.2375786304473877
1.7416903972625732
7.630328178405762
8.814458847045898
2.41038179397583
5.050361156463623
3.237398386001587
1.7418866157531738
7.630659580230713
8.815826416015625
2.4099485874176025
5.05079460144043
3.2372212409973145
1.7420796155929565
7.630985260009766
8.817171096801758
2.409522533416748
5.051220893859863
3.237046957015991
1.7422693967819214
7.631305694580078
8.818492889404297
2.4091036319732666
5.051640033721924
3.236875534057617
1.7424559593200684
7.63162088394165
8.819792747497559
2.408691644668579
5.052052021026611
3.2367069721221924
1.742639422416687
7.631930828094482
8.82107162475586
2.4082865715026855
5.052457332611084
3.236541271209717
1.742819905281067
7.632235527038574
8.822328567504883
2.407888174057007
5.052855968475342
3.2363781929016113
1.7429972887039185
7.632534980773926
8.823564529418945
2.407496452331543
5.053247928619385
3.236217975616455
1.7431718111038208
7.632829666137695
8.824780464172363
2.407111167907715
5.053633213043213
3.236060380935669
1.7433433532714844
7.633119583129883
8.82597541809082
2.4067323207855225
5.054012298583984
3.235905408859253
1.7435120344161987
7.63340425491333
8.82715129852295
2.406359910964966
5.054384708404541
3.235753059387207
1.7436779737472534
7.633684158325195
8.828307151794434
2.405993700027466
5.054750919342041
3.2356033325195312
1.7438410520553589
7.633959770202637
8.82944393157959
2.4056334495544434
5.055111408233643
3.2354559898376465
1.7440015077590942
7.634230613708496
8.830561637878418
2.4052791595458984
5.0554656982421875
3.2353110313415527
1.74415922164917
7.634497165679932
8.831660270690918
2.404930830001831
5.055814266204834
3.23516845703125
1.7443143129348755
7.634758949279785
8.832740783691406
2.404588460922241
5.056156635284424
3.2350282669067383
1.744466781616211
7.635016441345215
8.833803176879883
2.40425181388855
5.056493282318115
3.2348904609680176
1.7446167469024658
7.635269641876221
8.834848403930664
2.4039206504821777
5.056824684143066
3.234755039215088
1.7447642087936401
7.635518550872803
8.835875511169434
2.403594970703125
5.057150363922119
3.23462176322937
1.7449092864990234
7.635763645172119
8.836886405944824
2.4032747745513916
5.057470798492432
3.2344908714294434
1.7450518608093262
7.636004447937012
8.83788013458252
2.4029598236083984
5.057785511016846
3.2343621253967285
1.745192050933838
7.636241436004639
8.838857650756836
2.4026501178741455
5.0580949783325195
3.2342355251312256
1.7453299760818481
7.636474132537842
8.839818000793457
2.402345657348633
5.058399677276611
3.2341110706329346
1.7454655170440674
7.636703014373779
8.840763092041016
2.4020462036132812
5.058699131011963
3.2339885234832764
1.7455987930297852
7.636928081512451
8.841691970825195
2.401751756668091
5.058993816375732
3.23386812210083
1.745729923248291
7.637149333953857
8.842605590820312
2.4014623165130615
5.059283256530762
3.2337496280670166
1.745858907699585
7.637367248535156
8.843503952026367
2.4011776447296143
5.059567928314209
3.233633279800415
1.7459856271743774
7.6375813484191895
8.84438705444336
2.400897741317749
5.059847831726074
3.2335188388824463
1.7461103200912476
7.637791633605957
8.845255851745605
2.400622606277466
5.060122966766357
3.2334063053131104
1.7462328672409058
7.637998580932617
8.846110343933105
2.4003520011901855
5.060393810272217
3.2332956790924072
1.7463533878326416
7.63820219039917
8.84695053100586
2.400085926055908
5.060659885406494
3.233186721801758
1.746471881866455
7.638402462005615
8.847776412963867
2.3998241424560547
5.060921669006348
3.233079671859741
1.7465884685516357
7.638599395751953
8.848588943481445
2.399566888809204
5.061179161071777
3.2329742908477783
1.746703028678894
7.638792991638184
8.849387168884277
2.3993139266967773
5.061432361602783
3.2328708171844482
1.7468156814575195
7.638983249664307
8.85017204284668
2.3990650177001953
5.061681270599365
3.232769012451172
1.7469265460968018
7.639170169830322
8.850944519042969
2.398820400238037
5.061925888061523
3.232668876647949
1.7470355033874512
7.639354228973389
8.851703643798828
2.3985798358917236
5.062166690826416
3.2325704097747803
1.7471426725387573
7.639535427093506
8.852450370788574
2.398343324661255
5.062403202056885
3.232473611831665
1.7472480535507202
7.639713287353516
8.853184700012207
2.3981106281280518
5.062635898590088
3.2323784828186035
1.7473516464233398
7.639888286590576
8.853906631469727
2.3978817462921143
5.062864780426025
3.2322847843170166
1.7474535703659058
7.6400604248046875
8.854616165161133
2.3976566791534424
5.063089847564697
3.2321927547454834
1.747553825378418
7.64022970199585
8.855314254760742
2.397435426712036
5.0633111000061035
3.232102155685425
1.7476524114608765
7.6403961181640625
8.856000900268555
2.3972179889678955
5.063528537750244
3.23201322555542
1.7477493286132812
7.640559673309326
8.85667610168457
2.3970041275024414
5.063742637634277
3.2319257259368896
1.7478445768356323
7.640720367431641
8.857339859008789
2.396793842315674
5.063952922821045
3.231839656829834
1.7479382753372192
7.640878677368164
8.857992172241211
2.3965868949890137
5.064159870147705
3.231755018234253
1.748030424118042
7.641034126281738
8.858633995056152
2.39638352394104
5.064363479614258
3.2316718101501465
1.7481210231781006
7.6411871910095215
8.859265327453613
2.396183490753174
5.064563751220703
3.2315900325775146
1.748210072517395
7.6413373947143555
8.859886169433594
2.395986795425415
5.064760684967041
3.2315096855163574
1.7482976913452148
7.641485214233398
8.860496520996094
2.3957934379577637
5.0649542808532715
3.2314305305480957
1.74838387966156
7.64163064956665
8.861096382141113
2.3956031799316406
5.0651445388793945
3.2313528060913086
1.7484685182571411
7.641773700714111
8.861686706542969
2.395416259765625
5.06533145904541
3.231276273727417
1.748551845550537
7.641914367675781
8.862266540527344
2.3952324390411377
5.065515518188477
3.231200933456421
1.7486337423324585
7.64205265045166
8.862836837768555
2.3950517177581787
5.0656962394714355
3.2311270236968994
1.7487143278121948
7.642188549041748
8.863397598266602
2.394873857498169
5.065874099731445
3.2310543060302734
1.7487934827804565
7.642322063446045
8.8639497756958
2.3946990966796875
5.066049098968506
3.230982780456543
1.7488713264465332
7.642453670501709
8.864492416381836
2.3945271968841553
5.066221237182617
3.230912446975708
1.7489478588104248
7.642582893371582
8.865025520324707
2.3943581581115723
5.066390514373779
3.2308433055877686
1.749023199081421
7.642710208892822
8.86555004119873
2.3941919803619385
5.066556930541992
3.2308433055877686
1.749023199081421
7.6428351402282715
8.866065979003906
2.394028425216675
5.066720485687256
3.2308433055877686
1.749023199081421
7.642958164215088
8.866573333740234
2.3938677310943604
5.06688117980957
3.2308433055877686
1.749023199081421
7.6430792808532715
8.867072105407715
2.393709659576416
5.067039489746094
3.2308433055877686
1.749023199081421
7.643198013305664
8.867562294006348
2.393554210662842
5.067194938659668
3.2308433055877686
1.749023199081421
7.643314838409424
8.86804485321045
2.3934013843536377
5.067348003387451
3.2308433055877686
1.749023199081421
7.643429756164551
8.868518829345703
2.3932511806488037
5.067498207092285
3.2308433055877686
1.749023199081421
7.643542766571045
8.868985176086426
2.3931033611297607
5.067646026611328
3.2308433055877686
1.749023199081421
7.643653869628906
8.869443893432617
2.392957925796509
5.06779146194458
3.2308433055877686
1.749023199081421
7.643763065338135
8.869894981384277
2.392815113067627
5.067934513092041
3.2308433055877686
1.749023199081421
7.6438703536987305
8.870338439941406
2.392674684524536
5.068075180053711
3.2308433055877686
1.749023199081421
7.643976211547852
8.870774269104004
2.3925364017486572
5.06821346282959
3.2308433055877686
1.749023199081421
7.64408016204834
8.871203422546387
2.3924005031585693
5.068349361419678
3.2308433055877686
1.749023199081421
7.644182205200195
8.871624946594238
2.3922669887542725
5.068482875823975
3.2308433055877686
1.749023199081421
7.644282817840576
8.872039794921875
2.3921356201171875
5.068614482879639
3.2308433055877686
1.749023199081421
7.644381523132324
8.872447967529297
2.3920063972473145
5.068743705749512
3.2308433055877686
1.749023199081421
7.644478797912598
8.872848510742188
2.3918793201446533
5.068871021270752
3.2308433055877686
1.749023199081421
7.644574165344238
8.873242378234863
2.391754388809204
5.068995952606201
3.2308433055877686
1.749023199081421
7.644668102264404
8.873629570007324
2.391631603240967
5.069118976593018
3.2308433055877686
1.749023199081421
7.644760608673096
8.874011039733887
2.3915107250213623
5.069239616394043
3.2308433055877686
1.749023199081421
7.6448516845703125
8.874385833740234
2.3913919925689697
5.0693583488464355
3.2308433055877686
1.749023199081421
7.6449408531188965
8.874754905700684
2.39127516746521
5.069475173950195
3.2308433055877686
1.749023199081421
7.645028591156006
8.875117301940918
2.391160249710083
5.069590091705322
3.2308433055877686
1.749023199081421
7.645114898681641
8.875473976135254
2.391047239303589
5.069703102111816
3.2308433055877686
1.749023199081421
7.645199775695801
8.875824928283691
2.3909361362457275
5.069814205169678
3.2308433055877686
1.749023199081421
7.645283222198486
8.876169204711914
2.390826940536499
5.069923400878906
3.2308433055877686
1.749023199081421
7.645365238189697
8.876507759094238
2.3907196521759033
5.070030689239502
3.2308433055877686
1.749023199081421
7.645445823669434
8.876840591430664
2.3906140327453613
5.070136547088623
3.2308433055877686
1.749023199081421
7.6455254554748535
8.877168655395508
2.390510082244873
5.070240497589111
3.2308433055877686
1.749023199081421
7.645603656768799
8.877490997314453
2.3904080390930176
5.070342540740967
3.2308433055877686
1.749023199081421
7.6456804275512695
8.8778076171875
2.390307664871216
5.070443153381348
3.2308433055877686
1.749023199081421
7.645755767822266
8.878119468688965
2.3902089595794678
5.070541858673096
3.2308433055877686
1.749023199081421
7.645830154418945
8.878425598144531
2.3901119232177734
5.070639133453369
3.2308433055877686
1.749023199081421
7.64590311050415
8.878726959228516
2.390016555786133
5.07073450088501
3.2308433055877686
1.749023199081421
7.645975112915039
8.879023551940918
2.389922618865967
5.070828437805176
3.2308433055877686
1.749023199081421
7.646045684814453
8.879314422607422
2.3898303508758545
5.070920944213867
3.2308433055877686
1.749023199081421
7.646115303039551
8.879600524902344
2.389739513397217
5.071011543273926
3.2308433055877686
1.749023199081421
7.646183490753174
8.879881858825684
2.389650344848633
5.07110071182251
3.2308433055877686
1.749023199081421
7.6462507247924805
8.880158424377441
2.3895626068115234
5.071188449859619
3.2308433055877686
1.749023199081421
7.6463165283203125
8.880431175231934
2.3894762992858887
5.071274757385254
3.2308433055877686
1.749023199081421
7.646381378173828
8.880699157714844
2.3893914222717285
5.071359634399414
3.2308433055877686
1.749023199081421
7.646445274353027
8.880962371826172
2.389307975769043
5.0714430809021
3.2308433055877686
1.749023199081421
7.64650821685791
8.881221771240234
2.389225959777832
5.0715250968933105
3.2308433055877686
1.749023199081421
7.646569728851318
8.881476402282715
2.3891453742980957
5.071605682373047
3.2308433055877686
1.749023199081421
7.64663028717041
8.88172721862793
2.389065980911255
5.071684837341309
3.2308433055877686
1.749023199081421
7.6466898918151855
8.881973266601562
2.3889880180358887
5.071763038635254
3.2308433055877686
1.749023199081421
7.6467485427856445
8.88221549987793
2.388911247253418
5.071839809417725
3.2308433055877686
1.749023199081421
7.646806240081787
8.882453918457031
2.388835906982422
5.071915149688721
3.2308433055877686
1.749023199081421
7.646862983703613
8.882688522338867
2.3887617588043213
5.0719895362854
3.2308433055877686
1.749023199081421
7.646918773651123
8.882918357849121
2.388688802719116
5.0720624923706055
3.2308433055877686
1.749023199081421
7.646973609924316
8.88314437866211
2.3886170387268066
5.072134017944336
3.2308433055877686
1.749023199081421
7.647027492523193
8.883366584777832
2.3886170387268066
5.072134017944336
3.2308433055877686
1.749023199081421
7.647080421447754
8.883585929870605
2.3886170387268066
5.072134017944336
3.2308433055877686
1.749023199081421
7.647132396697998
8.883801460266113
2.3886170387268066
5.072134017944336
3.2308433055877686
1.749023199081421
7.647183895111084
8.884013175964355
2.3886170387268066
5.072134017944336
3.2308433055877686
1.749023199081421
7.6472344398498535
8.884221076965332
2.3886170387268066
5.072134017944336
3.2308433055877686
1.749023199081421
7.647284030914307
8.88442611694336
2.3886170387268066
5.072134017944336
3.2308433055877686
1.749023199081421
7.647332668304443
8.884627342224121
2.3886170387268066
5.072134017944336
3.2308433055877686
1.749023199081421
7.647380828857422
8.884825706481934
2.3886170387268066
5.072134017944336
3.2308433055877686
1.749023199081421
7.647428035736084
8.88502025604248
2.3886170387268066
5.072134017944336
3.2308433055877686
1.749023199081421
7.64747428894043
8.885211944580078
2.3886170387268066
5.072134017944336
3.2308433055877686
1.749023199081421
7.647520065307617
8.88539981842041
2.3886170387268066
5.072134017944336
3.2308433055877686
1.749023199081421
7.647564888000488
8.885584831237793
2.3886170387268066
5.072134017944336
3.2308433055877686
1.749023199081421
7.647608757019043
8.885766983032227
2.3886170387268066
5.072134017944336
3.2308433055877686
1.749023199081421
7.6476521492004395
8.885946273803711
2.3886170387268066
5.072134017944336
3.2308433055877686
1.749023199081421
7.6476945877075195
8.88612174987793
2.3886170387268066
5.072134017944336
3.2308433055877686
1.749023199081421
7.647736549377441
8.8862943649292
2.3886170387268066
5.072134017944336
3.2308433055877686
1.749023199081421
7.647777557373047
8.88646411895752
2.3886170387268066
5.072134017944336
3.2308433055877686
1.749023199081421
7.647818088531494
8.88663101196289
2.3886170387268066
5.072134017944336
3.2308433055877686
1.749023199081421
7.647858142852783
8.886795997619629
2.3886170387268066
5.072134017944336
3.2308433055877686
1.749023199081421
7.647897243499756
8.886958122253418
2.3886170387268066
5.072134017944336
3.2308433055877686
1.749023199081421
7.64793586730957
8.887117385864258
2.3886170387268066
5.072134017944336
3.2308433055877686
1.749023199081421
7.647974014282227
8.887273788452148
2.3886170387268066
5.072134017944336
3.2308433055877686
1.749023199081421
7.648011207580566
8.88742733001709
2.3886170387268066
5.072134017944336
3.2308433055877686
1.749023199081421
7.648047924041748
8.887578964233398
2.3886170387268066
5.072134017944336
3.2308433055877686
1.749023199081421
7.6480841636657715
8.887727737426758
2.3886170387268066
5.072134017944336
3.2308433055877686
1.749023199081421
7.6481194496154785
8.887873649597168
2.3886170387268066
5.072134017944336
3.2308433055877686
1.749023199081421
7.648154258728027
8.888017654418945
2.3886170387268066
5.072134017944336
3.2308433055877686
1.749023199081421
7.648188591003418
8.888158798217773
2.3886170387268066
5.072134017944336
3.2308433055877686
1.749023199081421
7.64822244644165
8.888298034667969
2.3886170387268066
5.072134017944336
3.2308433055877686
1.749023199081421
7.648255825042725
8.888434410095215
2.3886170387268066
5.072134017944336
3.2308433055877686
1.749023199081421
7.648288249969482
8.888568878173828
2.3886170387268066
5.072134017944336
3.2308433055877686
1.749023199081421
7.648320198059082
8.888701438903809
2.3886170387268066
5.072134017944336
3.2308433055877686
1.749023199081421
7.648351669311523
8.88883113861084
2.3886170387268066
5.072134017944336
3.2308433055877686
1.749023199081421
7.648382663726807
8.888958930969238
2.3886170387268066
5.072134017944336
3.2308433055877686
1.749023199081421
7.648413181304932
8.889084815979004
2.3886170387268066
5.072134017944336
3.2308433055877686
1.749023199081421
7.648443222045898
8.889208793640137
2.3886170387268066
5.072134017944336
3.2308433055877686
1.749023199081421
7.648472785949707
8.88932991027832
2.3886170387268066
5.072134017944336
3.2308433055877686
1.749023199081421
7.648501873016357
8.889449119567871
2.3886170387268066
5.072134017944336
3.2308433055877686
1.749023199081421
7.64853048324585
8.889566421508789
2.3886170387268066
5.072134017944336
3.2308433055877686
1.749023199081421
7.648558616638184
8.889681816101074
2.3886170387268066
5.072134017944336
3.2308433055877686
1.749023199081421
7.648586273193359
8.889795303344727
2.3886170387268066
5.072134017944336
3.2308433055877686
1.749023199081421
7.648613452911377
8.889906883239746
2.3886170387268066
5.072134017944336
3.2308433055877686
1.749023199081421
7.648640155792236
8.890016555786133
2.3886170387268066
5.072134017944336
3.2308433055877686
1.749023199081421
7.6486663818359375
8.890124320983887
2.3886170387268066
5.072134017944336
3.2308433055877686
1.749023199081421
7.6486921310424805
8.890230178833008
2.3886170387268066
5.072134017944336
3.2308433055877686
1.749023199081421
7.648717403411865
8.890335083007812
2.3886170387268066
5.072134017944336
3.2308433055877686
1.749023199081421
7.648742198944092
8.890438079833984
2.3886170387268066
5.072134017944336
3.2308433055877686
1.749023199081421
7.64876651763916
8.890539169311523
2.3886170387268066
5.072134017944336
3.2308433055877686
1.749023199081421
7.6487908363342285
8.89063835144043
