7.983981609344482
4.844016075134277
1.3315633535385132
14.950098037719727
6.473858833312988
17.71578598022461
8.656886100769043
6.7274169921875
1.3315633535385132
14.950098037719727
6.473858833312988
17.71578598022461
8.83836841583252
8.369074821472168
1.3315633535385132
14.950098037719727
6.473858833312988
17.71578598022461
8.51303768157959
9.753742218017578
1.3315633535385132
14.950098037719727
6.473858833312988
17.71578598022461
8.193129539489746
11.115331649780273
1.3315633535385132
14.950098037719727
6.473858833312988
17.71578598022461
7.8785529136657715
12.454228401184082
1.3315633535385132
14.950098037719727
6.473858833312988
17.71578598022461
7.56921911239624
13.7708101272583
1.3315633535385132
14.950098037719727
6.473858833312988
17.71578598022461
7.265040874481201
15.065448760986328
1.3315633535385132
14.950098037719727
6.473858833312988
17.71578598022461
7.08149528503418
15.958457946777344
1.3315633535385132
14.950098037719727
6.358296871185303
18.09583854675293
7.066845893859863
16.290504455566406
1.3315633535385132
14.950098037719727
6.079904556274414
18.990306854248047
7.052440643310547
16.61701774597168
1.3315633535385132
14.950098037719727
5.897037982940674
18.538074493408203
7.120516777038574
16.749622344970703
1.3315633535385132
14.950098037719727
5.6349778175354
18.281845092773438
7.256317138671875
16.71657943725586
1.3315633535385132
14.950098037719727
5.308426856994629
18.193323135375977
7.3898539543151855
16.6840877532959
1.3315633535385132
14.950098037719727
4.98731803894043
18.106277465820312
7.521165370941162
16.652137756347656
1.3315633535385132
14.950098037719727
4.671561241149902
18.020681381225586
7.650288105010986
16.62071990966797
1.3315633535385132
14.950098037719727
4.361066818237305
17.936511993408203
7.77725887298584
16.589824676513672
1.3315633535385132
14.950098037719727
4.0557475090026855
17.85374641418457
7.902113437652588
16.559444427490234
1.3315633535385132
14.950098037719727
3.755516767501831
17.77235984802246
8.024887084960938
16.529571533203125
1.3315633535385132
14.950098037719727
3.46028995513916
17.69232940673828
8.145614624023438
16.50019645690918
1.3315633535385132
14.950098037719727
3.1699836254119873
17.61363410949707
8.26432991027832
16.471311569213867
1.3315633535385132
14.950098037719727
2.8845157623291016
17.5362491607666
8.38106632232666
16.442907333374023
1.3315633535385132
14.950098037719727
2.6038055419921875
17.460153579711914
8.495857238769531
16.414976119995117
1.3315633535385132
14.950098037719727
2.3277738094329834
17.385326385498047
8.608735084533691
16.387510299682617
1.3315633535385132
14.950098037719727
2.056342601776123
17.31174659729004
8.719731330871582
16.360502243041992
1.3315633535385132
14.950098037719727
1.7894352674484253
17.23939323425293
8.828878402709961
16.33394432067871
1.3315633535385132
14.950098037719727
1.5269763469696045
17.168245315551758
8.936205863952637
16.307828903198242
1.3315633535385132
14.950098037719727
1.2688918113708496
17.098283767700195
8.977252006530762
16.28514289855957
1.3315633535385132
14.950098037719727
1.015108585357666
17.02948760986328
8.925361633300781
16.268341064453125
1.3315633535385132
14.950098037719727
1.1195662021636963
16.982643127441406
8.874336242675781
16.25181770324707
1.3315633535385132
14.950098037719727
1.2422633171081543
16.938371658325195
8.824161529541016
16.235570907592773
1.3530805110931396
14.914350509643555
1.3413983583450317
16.930585861206055
8.774823188781738
16.219594955444336
1.3742389678955078
14.87919807434082
1.4388811588287354
16.922929763793945
8.726306915283203
16.20388412475586
1.3950448036193848
14.844632148742676
1.5347392559051514
16.915401458740234
8.67859935760498
16.18843650817871
1.4155038595199585
14.81064224243164
1.6289997100830078
16.90799903869629
8.63168716430664
16.173246383666992
1.435621976852417
14.77721881866455
1.721689224243164
16.900720596313477
8.585556983947754
16.158308029174805
1.4554047584533691
14.744352340698242
1.8128339052200317
16.89356231689453
8.54019546508789
16.143619537353516
1.4748578071594238
14.71203327178955
1.9024595022201538
16.886524200439453
8.495590209960938
16.129175186157227
1.49398672580719
14.680253028869629
1.990591287612915
16.879602432250977
8.451727867126465
16.114971160888672
1.5127967596054077
14.649003028869629
2.077254295349121
16.8727970123291
8.408596992492676
16.10100555419922
1.531293272972107
14.618273735046387
2.16247296333313
16.866104125976562
8.36618423461914
16.08727264404297
1.5494815111160278
14.588056564331055
2.2462711334228516
16.85952377319336
8.324479103088379
16.073768615722656
1.5673667192459106
14.558342933654785
2.3286726474761963
16.853052139282227
8.283468246459961
16.060489654541016
1.584953784942627
14.52912425994873
2.409700870513916
16.846689224243164
8.243141174316406
16.04743194580078
1.602247714996338
14.50039291381836
2.4893786907196045
16.840431213378906
8.203486442565918
16.034591674804688
1.619253396987915
14.472140312194824
2.5677285194396973
16.834278106689453
8.1644926071167
16.02196502685547
1.63597571849823
14.444358825683594
2.644772529602051
16.828227996826172
8.126148223876953
16.00954818725586
1.6524193286895752
14.41703987121582
2.7205324172973633
16.82227897644043
8.088443756103516
15.997339248657227
1.6685888767242432
14.390176773071289
2.795029640197754
16.816429138183594
8.05136775970459
15.985333442687988
1.6844888925552368
14.363760948181152
2.8682851791381836
16.81067657470703
8.014908790588379
15.973527908325195
1.700123906135559
14.337785720825195
2.9403200149536133
16.80501937866211
7.979057788848877
15.961918830871582
1.7154983282089233
14.312243461608887
3.0111541748046875
16.799455642700195
7.9438042640686035
15.9505033493042
1.730616569519043
14.287126541137695
3.080807685852051
16.79398536682129
7.9091386795043945
15.939277648925781
1.7454828023910522
14.262428283691406
3.1493003368377686
16.788606643676758
7.8750505447387695
15.928239822387695
1.760101318359375
14.238142013549805
3.216651439666748
16.78331756591797
7.841530799865723
15.91738510131836
1.774476170539856
14.21426010131836
3.2828800678253174
16.77811622619629
7.808569431304932
15.90671157836914
1.7886114120483398
14.190775871276855
3.3480048179626465
16.773000717163086
7.776157379150391
15.89621639251709
1.8025110960006714
14.167683601379395
3.4120442867279053
16.76797103881836
7.744285583496094
15.885895729064941
1.8161790370941162
14.144975662231445
3.4750163555145264
16.763025283813477
7.712944984436035
15.875746726989746
1.829619288444519
14.12264633178711
3.5369389057159424
16.758161544799805
7.682126998901367
15.865767478942871
1.8428354263305664
14.100689888000488
3.5978293418884277
16.753379821777344
7.651822566986084
15.85595417022705
1.8558313846588135
14.07909870147705
3.657705068588257
16.74867820739746
7.622023105621338
15.846304893493652
1.8686107397079468
14.057868003845215
3.716582775115967
16.744054794311523
7.5927205085754395
15.83681583404541
1.8811770677566528
14.036991119384766
3.7744791507720947
16.7395076751709
7.563906192779541
15.827485084533691
1.8935339450836182
14.016461372375488
3.8314106464385986
16.735036849975586
7.535572052001953
15.818309783935547
1.9056849479675293
13.9962739944458
3.8873932361602783
16.730640411376953
7.507709980010986
15.809288024902344
1.9176334142684937
13.976423263549805
3.9424428939819336
16.726316452026367
7.480312347412109
15.800415992736816
1.9293826818466187
13.956903457641602
3.996574878692627
16.722064971923828
7.453371524810791
15.791691780090332
1.9409362077713013
13.937708854675293
4.0498046875
16.717884063720703
7.426879405975342
15.783113479614258
1.9522970914840698
13.918834686279297
4.102147579193115
16.713773727416992
7.400828838348389
15.774678230285645
1.9634686708450317
13.900274276733398
4.153617858886719
16.709732055664062
7.375212669372559
15.766383171081543
1.9744540452957153
13.882023811340332
4.204230308532715
16.70575714111328
7.35002326965332
15.75822639465332
1.985256314277649
13.8640775680542
4.25399923324585
16.70184898376465
7.325253963470459
15.750205993652344
1.9958785772323608
13.846429824829102
4.302938938140869
16.69800567626953
7.300897121429443
15.742319107055664
2.00632381439209
13.829076766967773
4.351062774658203
16.69422721862793
7.276946544647217
15.734563827514648
2.016594886779785
13.812012672424316
4.3983845710754395
16.69051170349121
7.253395080566406
15.726937294006348
2.0266947746276855
13.795232772827148
4.444917678833008
16.686857223510742
7.230236053466797
15.719437599182129
2.0366263389587402
13.778732299804688
4.49067497253418
16.683263778686523
7.207463264465332
15.712063789367676
2.0463924407958984
13.762507438659668
4.535669803619385
16.679729461669922
7.185069561004639
15.704812049865723
2.0559957027435303
13.746552467346191
4.579914569854736
16.676254272460938
7.163049221038818
15.697681427001953
2.065438985824585
13.730863571166992
4.623422145843506
16.67283821105957
7.1413960456848145
15.690670013427734
2.0747249126434326
13.715435981750488
4.666204452514648
16.669477462768555
7.12010383605957
15.683774948120117
2.0838561058044434
13.700265884399414
4.708273887634277
16.666173934936523
7.099166393280029
15.676995277404785
2.092834949493408
13.685348510742188
4.749642372131348
16.662925720214844
7.078577995300293
15.670328140258789
2.1016643047332764
13.670680046081543
4.790321350097656
16.659730911254883
7.058332443237305
15.663772583007812
2.1103463172912598
13.656255722045898
4.830322265625
16.65658950805664
7.038424491882324
15.657325744628906
2.1188838481903076
13.642071723937988
4.869656562805176
16.653499603271484
7.018848419189453
15.650986671447754
2.127279043197632
13.628124237060547
4.908335208892822
16.650461196899414
6.999598503112793
15.644753456115723
2.1355342864990234
13.614409446716309
4.946369171142578
16.64747428894043
6.9806694984436035
15.63862419128418
2.1436519622802734
13.600923538208008
4.983769416809082
16.6445369720459
6.962055683135986
15.632596969604492
2.1516342163085938
13.587661743164062
5.020545959472656
16.64164924621582
6.943752288818359
15.626669883728027
2.1594834327697754
13.574621200561523
5.0567097663879395
16.638809204101562
6.925754070281982
15.620841979980469
2.1672019958496094
13.561798095703125
5.092270851135254
16.636016845703125
6.908055782318115
15.615111351013184
2.1747918128967285
13.549188613891602
5.127239227294922
16.633270263671875
6.890652656555176
15.609476089477539
2.1822550296783447
13.536788940429688
5.161624908447266
16.630569458007812
6.891039848327637
15.595974922180176
2.189594030380249
13.524596214294434
5.177937030792236
16.635875701904297
6.903294563293457
15.5785551071167
2.196810722351074
13.512606620788574
5.182103157043457
16.645235061645508
6.915345191955566
15.56142520904541
2.203907012939453
13.50081729888916
5.18619966506958
16.654438018798828
6.927194595336914
15.544581413269043
2.2108850479125977
13.489224433898926
5.19022798538208
16.663488388061523
6.938846588134766
15.5280179977417
2.2177467346191406
13.477824211120605
5.194189071655273
16.672388076782227
6.9503045082092285
15.511730194091797
2.224494218826294
13.466614723205566
5.198084354400635
16.68113899230957
6.96157169342041
15.49571418762207
2.2311291694641113
13.455591201782227
5.2019147872924805
16.68974494934082
6.97265100479126
15.479965209960938
2.2376534938812256
13.444751739501953
5.205681324005127
16.698205947875977
6.983545303344727
15.464478492736816
2.2440690994262695
13.434093475341797
5.209384918212891
16.706527709960938
6.994258403778076
15.449250221252441
2.250377893447876
13.423612594604492
5.213027000427246
16.714710235595703
7.0047926902771
15.43427562713623
2.2565815448760986
13.41330623626709
5.216608047485352
16.722755432128906
7.015151500701904
15.419550895690918
2.262681722640991
13.40317153930664
5.220129489898682
16.730667114257812
7.0253376960754395
15.405071258544922
2.2686803340911865
13.393205642700195
5.223592281341553
16.738447189331055
7.035354137420654
15.390832901000977
2.274578809738159
13.383405685424805
5.226997375488281
16.746097564697266
7.045203685760498
15.376832008361816
2.280379056930542
13.373769760131836
5.230345726013184
16.753620147705078
7.05488920211792
15.363064765930176
2.2860825061798096
13.364294052124023
5.233638286590576
16.761016845703125
7.064413070678711
15.349526405334473
2.2916910648345947
13.354976654052734
5.236876010894775
16.768291473388672
7.07377815246582
15.336214065551758
2.297206163406372
13.345813751220703
5.240059852600098
16.77544403076172
7.082987308502197
15.32312297821045
2.302629232406616
13.336804389953613
5.243190765380859
16.78247833251953
7.092042922973633
15.310250282287598
2.307961940765381
13.3279447555542
5.246269226074219
16.78939437866211
7.100947380065918
15.297592163085938
2.3132057189941406
13.319232940673828
5.24929666519165
16.79619598388672
7.109703540802002
15.285144805908203
2.318362236022949
13.31066608428955
5.2522735595703125
16.80288314819336
7.118313789367676
15.272905349731445
2.323432683944702
13.302242279052734
5.2552008628845215
16.809459686279297
7.1267805099487305
15.260869979858398
2.328418731689453
13.29395866394043
5.2580790519714355
16.81592559814453
7.135106086730957
15.249034881591797
2.3333215713500977
13.285813331604004
5.260909557342529
16.822284698486328
7.1432929039001465
15.237397193908691
2.3381426334381104
13.277803421020508
5.263692855834961
16.828536987304688
7.15134334564209
15.225953102111816
2.342883348464966
13.269927024841309
5.266429901123047
16.834686279296875
7.159259796142578
15.214699745178223
2.3475451469421387
13.262182235717773
5.269121170043945
16.84073257446289
7.167044162750244
15.203634262084961
2.3521292209625244
13.254566192626953
5.271767616271973
16.846677780151367
7.174698829650879
15.192752838134766
2.3566370010375977
13.247076988220215
5.274369716644287
16.852523803710938
7.182225704193115
15.182053565979004
2.361069679260254
13.239712715148926
5.276928424835205
16.858272552490234
7.189627170562744
15.17153263092041
2.3654284477233887
13.232471466064453
5.279444694519043
16.86392593383789
7.196905612945557
15.161186218261719
2.3697144985198975
13.225350379943848
5.281919002532959
16.869483947753906
7.204062461853027
15.151012420654297
2.373929023742676
13.218348503112793
5.2843523025512695
16.874950408935547
7.211100101470947
15.141008377075195
2.3780734539031982
13.21146297454834
5.286744594573975
16.880325317382812
7.218020439147949
15.131171226501465
2.3821487426757812
13.204692840576172
5.289097309112549
16.885610580444336
7.224825382232666
15.121498107910156
2.3861560821533203
13.19803524017334
5.29141092300415
16.89080810546875
7.2315168380737305
15.11198616027832
2.390096664428711
13.191488265991211
5.2936859130859375
16.895919799804688
7.238096714019775
15.102632522583008
2.3939716815948486
13.185050964355469
5.295922756195068
16.90094566345215
7.244566917419434
15.093435287475586
2.39778208732605
13.178720474243164
5.298122406005859
16.905887603759766
7.250929355621338
15.084390640258789
2.401528835296631
13.17249584197998
5.300285339355469
16.910747528076172
7.257185935974121
15.075496673583984
2.4052131175994873
13.166375160217285
5.302412509918213
16.915525436401367
7.263338088989258
15.066751480102539
2.4088361263275146
13.160356521606445
5.304503917694092
16.920225143432617
7.269387722015381
15.058152198791504
2.4123988151550293
13.154438018798828
5.306560516357422
16.92484474182129
7.275336742401123
15.04969596862793
2.4159021377563477
13.1486177444458
5.308582782745361
16.92938804626465
7.281186580657959
15.041380882263184
2.419347047805786
13.142894744873047
5.310571670532227
16.933855056762695
7.286938667297363
15.033204078674316
2.422734498977661
13.137267112731934
5.312527179718018
16.938247680664062
7.292594909667969
15.025163650512695
2.426065444946289
13.131732940673828
5.314450263977051
16.942567825317383
7.298157215118408
15.017256736755371
2.4293408393859863
13.126291275024414
5.316340923309326
16.946815490722656
7.303626537322998
15.009482383728027
2.4325616359710693
13.120940208435059
5.31820011138916
16.950992584228516
7.309004783630371
15.001836776733398
2.4357287883758545
13.115678787231445
5.320028305053711
16.955101013183594
7.314293384552002
14.994318962097168
2.438843250274658
13.110505104064941
5.321825981140137
16.95914077758789
7.319493770599365
14.986926078796387
2.4419057369232178
13.105417251586914
5.323594093322754
16.963111877441406
7.3246073722839355
14.979657173156738
2.4449172019958496
13.100414276123047
5.3253326416015625
16.967018127441406
7.329636096954346
14.972509384155273
2.447878360748291
13.095494270324707
5.327042102813721
16.97085952758789
7.334580898284912
14.96548080444336
2.4507901668548584
13.090656280517578
5.328722953796387
16.97463607788086
7.339443206787109
14.958568572998047
2.453653573989868
13.085899353027344
5.330376148223877
16.978349685668945
7.344224452972412
14.95177173614502
2.4564692974090576
13.081221580505371
5.332001686096191
16.98200225830078
7.348926067352295
14.945088386535645
2.459238052368164
13.076622009277344
5.333600044250488
16.985593795776367
7.353549480438232
14.938516616821289
2.461960554122925
13.072098731994629
5.335171699523926
16.989124298095703
7.358095645904541
14.93205451965332
2.4646377563476562
13.06765079498291
5.336717128753662
16.992595672607422
7.362565994262695
14.925700187683105
2.4672703742980957
13.063277244567871
5.3382368087768555
16.996009826660156
7.36696195602417
14.919451713562012
2.4698591232299805
13.058976173400879
5.339731216430664
16.999366760253906
7.371284484863281
14.913307189941406
2.472404718399048
13.054746627807617
5.341200828552246
17.002668380737305
7.375535011291504
14.907264709472656
2.474907875061035
13.05058765411377
5.342645645141602
17.00591468811035
7.3797149658203125
14.901323318481445
2.4773693084716797
13.04649829864502
5.344066619873047
17.00910758972168
7.383825302124023
14.89548110961914
2.4797897338867188
13.04247760772705
5.345463752746582
17.01224708557129
7.387866973876953
14.88973617553711
2.4821698665618896
13.03852367401123
5.346837520599365
17.01533317565918
7.391841411590576
14.884086608886719
2.4845101833343506
13.034635543823242
5.348188400268555
17.018367767333984
7.395749568939209
14.878531455993652
2.486811637878418
13.03081226348877
5.349516868591309
17.021352767944336
7.399592399597168
14.873068809509277
2.48907470703125
13.027052879333496
5.350823402404785
17.024288177490234
7.403371334075928
14.867696762084961
2.491300106048584
13.023355484008789
5.352108001708984
17.02717399597168
7.407087326049805
14.862414360046387
2.493488311767578
13.019720077514648
5.3533711433410645
17.030012130737305
7.410741329193115
14.857220649719238
2.4956400394439697
13.016145706176758
5.354613304138184
17.03280258178711
7.414334297180176
14.852112770080566
2.497756004333496
13.012630462646484
5.3558349609375
17.035547256469727
7.417867660522461
14.847090721130371
2.4998366832733154
13.009173393249512
5.357036113739014
17.038246154785156
7.421341896057129
14.842151641845703
2.501882553100586
13.00577449798584
5.358217239379883
17.0408992767334
7.424758434295654
14.837295532226562
2.503894329071045
13.002431869506836
5.359378814697266
17.043508529663086
7.428117752075195
14.832520484924316
2.5058727264404297
12.9991455078125
5.360520839691162
17.04607391357422
7.431421279907227
14.827824592590332
2.5078179836273193
12.9959135055542
5.3616437911987305
17.04859733581543
7.434669494628906
14.823206901550293
2.509730815887451
12.992735862731934
5.362748146057129
17.05107879638672
7.437863826751709
14.818666458129883
2.5116119384765625
12.98961067199707
5.363833904266357
17.053518295288086
7.441004753112793
14.814201354980469
2.5134615898132324
12.98653793334961
5.364901542663574
17.055917739868164
7.444093227386475
14.809810638427734
2.5152804851531982
12.983515739440918
5.3659515380859375
17.058277130126953
7.44713020324707
14.805493354797363
2.517069101333618
12.980544090270996
5.366983890533447
17.060596466064453
7.4501166343688965
14.801247596740723
2.5188279151916504
12.977622032165527
5.367999076843262
17.062877655029297
7.4530534744262695
14.797073364257812
2.520557403564453
12.974748611450195
5.368997573852539
17.065120697021484
7.455941200256348
14.79296875
2.5222580432891846
12.971922874450684
5.369979381561279
17.067325592041016
7.458780765533447
14.788931846618652
2.523930311203003
12.969144821166992
5.370944976806641
17.069494247436523
7.461573123931885
14.78496265411377
2.5255746841430664
12.966412544250488
5.371894359588623
17.071626663208008
7.464318752288818
14.781059265136719
2.527191638946533
12.963726043701172
5.372828006744385
17.0737247467041
7.4670186042785645
14.777220726013184
2.5287816524505615
12.961084365844727
5.373745918273926
17.075786590576172
7.4696736335754395
14.773447036743164
2.5303452014923096
12.958486557006836
5.374648571014404
17.07781410217285
7.472284317016602
14.769735336303711
2.5318827629089355
12.9559326171875
5.37553596496582
17.07980728149414
7.474851608276367
14.766085624694824
2.5333945751190186
12.953420639038086
5.376408576965332
17.081768035888672
7.4773759841918945
14.762496948242188
2.534881114959717
12.950950622558594
5.377266883850098
17.083696365356445
7.4798583984375
14.758968353271484
2.5363430976867676
12.948521614074707
5.378110885620117
17.08559226989746
7.482299327850342
14.755497932434082
2.537780523300171
12.946133613586426
5.378940582275391
17.08745574951172
7.484699726104736
14.75208568572998
2.539194107055664
12.943785667419434
5.379756450653076
17.08928871154785
7.487060070037842
14.748730659484863
2.540584087371826
12.941476821899414
5.380558967590332
17.09109115600586
7.489381313323975
14.745430946350098
2.5419509410858154
12.93920612335205
5.381348133087158
17.092863082885742
7.491663455963135
14.742186546325684
2.543294906616211
12.936973571777344
5.382123947143555
17.094606399536133
7.493907928466797
14.738996505737305
2.544616460800171
12.934778213500977
5.38288688659668
17.09632110595703
7.496114730834961
14.735859870910645
2.5459160804748535
12.932619094848633
5.383636951446533
17.098007202148438
7.498284816741943
14.73277473449707
2.547194004058838
12.930496215820312
5.384374618530273
17.09966468811035
7.500418663024902
14.729741096496582
2.5484507083892822
12.9284086227417
5.3850998878479
17.101293563842773
7.502517223358154
14.726758003234863
2.5496864318847656
12.926355361938477
5.385813236236572
17.102895736694336
7.504580497741699
14.723824501037598
2.5509016513824463
12.924336433410645
5.386514663696289
17.10447120666504
7.5066094398498535
14.720940589904785
2.5520966053009033
12.922350883483887
5.387204647064209
17.106019973754883
7.508604526519775
14.718104362487793
2.553271532058716
12.920398712158203
5.387882709503174
17.1075439453125
7.510566234588623
14.715315818786621
2.554426908493042
12.918478965759277
5.3885498046875
17.10904312133789
7.512495517730713
14.712573051452637
2.555562973022461
12.91659164428711
5.389205455780029
17.110517501831055
7.514392375946045
14.70987606048584
2.556680202484131
12.914735794067383
5.389850616455078
17.111967086791992
7.5162577629089355
14.707223892211914
2.557778835296631
12.912910461425781
5.390484809875488
17.113391876220703
7.518092155456543
14.70461654663086
2.55885910987854
12.911115646362305
5.391108512878418
17.11479377746582
7.519896030426025
14.702052116394043
2.5599212646484375
12.909351348876953
5.391721725463867
17.11617088317871
7.521669864654541
14.699530601501465
2.5609657764434814
12.907615661621094
5.392324924468994
17.117525100708008
7.523414134979248
14.697051048278809
2.561992883682251
12.905909538269043
5.392918109893799
17.11885643005371
7.525129318237305
14.694613456726074
2.563002824783325
12.904232025146484
5.393501281738281
17.120166778564453
7.526815891265869
14.692215919494629
2.5639960765838623
12.902582168579102
5.394074440002441
17.1214542388916
7.5284743309021
14.689858436584473
2.5649726390838623
12.900959968566895
5.3946380615234375
17.12272071838379
7.530105113983154
14.687540054321289
2.5659329891204834
12.899364471435547
5.395192623138428
17.123966217041016
7.531708717346191
14.685260772705078
2.5668773651123047
12.897795677185059
5.395737648010254
17.12519073486328
7.533285617828369
14.683019638061523
2.5678060054779053
12.896252632141113
5.396273612976074
17.126394271850586
7.534836292266846
14.680815696716309
2.5687191486358643
12.894735336303711
5.396800518035889
17.127578735351562
7.536361217498779
14.678647994995117
2.5696170330047607
12.893243789672852
5.3973188400268555
17.12874412536621
7.53786039352417
14.67651653289795
2.570499897003174
12.891777038574219
5.397828578948975
17.1298885345459
7.539334774017334
14.674420356750488
2.5713682174682617
12.890334129333496
5.398329734802246
17.131013870239258
7.5407843589782715
14.672359466552734
2.5722219944000244
12.888916015625
5.398822784423828
17.132122039794922
7.542210102081299
14.670332908630371
2.573061466217041
12.887520790100098
5.3993072509765625
17.133211135864258
7.543612003326416
14.668339729309082
2.5738871097564697
12.886149406433105
5.399783611297607
17.134281158447266
7.544990539550781
14.666379928588867
2.5746989250183105
12.884800910949707
5.400252342224121
17.135334014892578
7.546346187591553
14.664453506469727
2.5754971504211426
12.883474349975586
5.400712966918945
17.136369705200195
7.5476789474487305
14.662558555603027
2.576282024383545
12.882170677185059
5.401165962219238
17.137388229370117
7.548989772796631
14.66069507598877
2.5770537853240967
12.880887985229492
5.401611328125
17.138389587402344
7.550278663635254
14.658863067626953
2.577812671661377
12.879627227783203
5.402049541473389
17.139373779296875
7.551546096801758
14.657061576843262
2.578558921813965
12.878387451171875
5.402480602264404
17.14034080505371
7.552792549133301
14.655289649963379
2.5792927742004395
12.877167701721191
5.402904510498047
17.141292572021484
7.554018020629883
14.653547286987305
2.58001446723938
12.875968933105469
5.403321266174316
17.142229080200195
7.555222988128662
14.651834487915039
2.580724000930786
12.87479019165039
5.403730869293213
17.143150329589844
7.556407928466797
14.650150299072266
2.5814218521118164
12.87363052368164
5.4041337966918945
17.14405632019043
7.557573318481445
14.648493766784668
2.5821080207824707
12.872490882873535
5.404530048370361
17.144947052001953
7.558719158172607
14.646864891052246
2.582782745361328
12.871370315551758
5.404919624328613
17.145822525024414
7.559845924377441
14.645263671875
2.5834462642669678
12.870267868041992
5.40530252456665
17.146682739257812
7.5609540939331055
14.643689155578613
2.5840988159179688
12.869183540344238
5.405679225921631
17.14752960205078
7.5620436668396
14.64214038848877
2.584740400314331
12.868117332458496
5.406049728393555
17.148361206054688
7.563115119934082
14.640617370605469
2.585371255874634
12.867069244384766
5.406414031982422
17.149179458618164
7.564168453216553
14.639120101928711
2.585991621017456
12.86603832244873
5.406772136688232
17.14998435974121
7.56520414352417
14.63764762878418
2.586601734161377
12.86502456665039
5.4071245193481445
17.150775909423828
7.566222667694092
14.636199951171875
2.5872015953063965
12.864027976989746
5.407470703125
17.151554107666016
7.567224502563477
14.63477611541748
2.5877914428710938
12.86304759979248
5.407811164855957
17.152318954467773
7.568209648132324
14.633376121520996
2.588371515274048
12.86208438873291
5.408145904541016
17.1530704498291
7.569178104400635
14.631999015808105
2.588941812515259
12.861136436462402
5.408475399017334
17.153810501098633
7.570130348205566
14.630644798278809
2.5895025730133057
12.860204696655273
5.408799171447754
17.154537200927734
7.571066856384277
14.629313468933105
2.5900540351867676
12.859288215637207
5.409117698669434
17.15525245666504
7.571987628936768
14.62800407409668
2.5905964374542236
12.858386993408203
5.409430980682373
17.155956268310547
7.572893142700195
14.626716613769531
2.591129779815674
12.857501029968262
5.409739017486572
17.156648635864258
7.5737833976745605
14.62545108795166
2.591654062271118
12.856629371643066
5.410041809082031
17.157329559326172
7.5746588706970215
14.62420654296875
2.592169761657715
12.855772972106934
5.41033935546875
17.15799903869629
7.575520038604736
14.6229829788208
2.592676877975464
12.854930877685547
5.410632133483887
17.15865707397461
7.576366901397705
14.621779441833496
2.5931754112243652
12.85410213470459
5.410920143127441
17.159303665161133
7.577199459075928
14.620595932006836
2.593665599822998
12.853287696838379
5.411203384399414
17.15993881225586
7.5780181884765625
14.61943244934082
2.5941476821899414
12.852486610412598
5.411481857299805
17.160564422607422
7.578823089599609
14.618288040161133
2.5946216583251953
12.851698875427246
5.411755561828613
17.161178588867188
7.579614639282227
14.617162704467773
2.595087766647339
12.850924491882324
5.41202449798584
17.16178321838379
7.580393314361572
14.616056442260742
2.595546245574951
12.850162506103516
5.412289142608643
17.162378311157227
7.581158638000488
14.614968299865723
2.5959970951080322
12.849413871765137
5.4125494956970215
17.1629638671875
7.581911563873291
14.613898277282715
2.596440315246582
12.848677635192871
5.412805557250977
17.163537979125977
7.582651615142822
14.612846374511719
2.5968761444091797
12.847953796386719
5.413057327270508
17.16410255432129
7.58337926864624
14.611811637878418
2.5973048210144043
12.847241401672363
5.413304805755615
17.164657592773438
7.584095001220703
14.610794067382812
2.597726345062256
12.846541404724121
5.413547992706299
17.165205001831055
7.584798812866211
14.609793663024902
2.5981407165527344
12.845852851867676
5.413787364959717
17.165742874145508
7.585490703582764
14.608809471130371
2.598548173904419
12.845175743103027
5.414022445678711
17.166271209716797
7.5861711502075195
14.607842445373535
2.5989489555358887
12.844510078430176
5.4142537117004395
17.166790008544922
7.5868401527404785
14.606891632080078
2.5993430614471436
12.843855857849121
5.414481163024902
17.167301177978516
7.587498188018799
14.605956077575684
2.5997304916381836
12.843212127685547
5.4147047996521
17.167802810668945
7.5881452560424805
14.605036735534668
2.600111484527588
12.842578887939453
5.414924621582031
17.168296813964844
7.588781356811523
14.604132652282715
2.6004862785339355
12.84195613861084
5.4151411056518555
17.16878318786621
7.589406967163086
14.603242874145508
2.6008546352386475
12.841343879699707
5.415353775024414
17.169261932373047
7.590022087097168
14.602368354797363
2.601217031478882
12.840742111206055
5.415563106536865
17.16973114013672
7.590627193450928
14.601508140563965
2.6015732288360596
12.840149879455566
5.415768623352051
17.17019271850586
7.591222286224365
14.600662231445312
2.6019234657287598
12.839568138122559
5.415970802307129
17.17064666748047
7.5918073654174805
14.599830627441406
2.6022679805755615
12.838995933532715
5.4161696434021
17.171092987060547
7.592382431030273
14.599013328552246
2.602606773376465
12.838433265686035
5.416365146636963
17.171531677246094
7.592947959899902
14.598209381103516
2.6029398441314697
12.83788013458252
5.416557312011719
17.171964645385742
7.593503952026367
14.597418785095215
2.6032674312591553
12.837335586547852
5.416746616363525
17.17238998413086
7.594050884246826
14.596641540527344
2.6035895347595215
12.836800575256348
5.416932582855225
17.172807693481445
7.594588756561279
14.595876693725586
2.6039061546325684
12.836274147033691
5.417115211486816
17.1732177734375
7.595117568969727
14.595125198364258
2.604217529296875
12.835756301879883
5.417294979095459
17.173622131347656
7.595637798309326
14.594386100769043
2.6045238971710205
12.835247039794922
5.417471885681152
17.17401885986328
7.59614896774292
14.593659400939941
2.604825019836426
12.834746360778809
5.4176459312438965
17.174409866333008
7.596652030944824
14.592944145202637
2.60512113571167
12.834254264831543
5.417817115783691
17.174793243408203
7.597146511077881
14.592241287231445
2.605412244796753
12.833770751953125
5.417985439300537
17.1751708984375
7.597632884979248
14.59154987335205
2.605698585510254
12.833294868469238
5.418150901794434
17.1755428314209
7.598111152648926
14.590869903564453
2.605980157852173
12.832826614379883
5.418313503265381
17.175907135009766
7.598581314086914
14.590201377868652
2.6062569618225098
12.832366943359375
5.418473243713379
17.176265716552734
7.599043846130371
14.589544296264648
2.6065292358398438
12.831914901733398
5.418630599975586
17.176618576049805
7.599498271942139
14.588897705078125
2.606796979904175
12.831470489501953
5.418785095214844
17.176965713500977
7.599945545196533
14.588262557983398
2.607060194015503
12.831032752990723
5.4189372062683105
17.17730712890625
7.6003851890563965
14.587637901306152
2.6073191165924072
12.830602645874023
5.419086456298828
17.177642822265625
7.600817680358887
14.587023735046387
2.6075737476348877
12.830180168151855
5.419233322143555
17.1779727935791
7.601242542266846
14.586419105529785
2.6078240871429443
12.829764366149902
5.41937780380249
17.17829704284668
7.60166072845459
14.585824966430664
2.608070135116577
12.829355239868164
5.419519901275635
17.17861557006836
7.602071762084961
14.585240364074707
2.6083121299743652
12.82895278930664
5.419659614562988
17.178930282592773
7.602476119995117
14.58466625213623
2.6085500717163086
12.828557014465332
5.419796943664551
17.17923927307129
7.6028733253479
14.584101676940918
2.6087841987609863
12.828167915344238
5.419931888580322
17.179542541503906
7.603264331817627
14.583545684814453
2.6090142726898193
12.82778549194336
5.420064926147461
17.179840087890625
7.603648662567139
14.582999229431152
2.6092405319213867
12.827409744262695
5.420195579528809
17.180133819580078
7.6040263175964355
14.582462310791016
2.6094629764556885
12.82703971862793
5.420323848724365
17.180421829223633
7.604397773742676
14.581933975219727
2.6096818447113037
12.826676368713379
5.420450210571289
17.180706024169922
7.604763031005859
14.581414222717285
2.6098971366882324
12.826318740844727
5.42057466506958
17.180984497070312
7.6051225662231445
14.580903053283691
2.6101086139678955
12.825966835021973
5.42069673538208
17.181259155273438
7.605475902557373
14.580400466918945
2.610316753387451
12.825621604919434
5.420816898345947
17.181528091430664
7.605823516845703
14.579906463623047
2.6105213165283203
12.825282096862793
5.420935153961182
17.181793212890625
7.606164932250977
14.579421043395996
2.610722541809082
12.82494831085205
5.421051502227783
17.18205451965332
7.60650110244751
14.578943252563477
2.6109204292297363
12.82461929321289
5.421165943145752
17.18231201171875
7.6068315505981445
14.578474044799805
2.611114978790283
12.824295997619629
5.421278476715088
17.18256378173828
7.607156276702881
14.578012466430664
2.6113061904907227
12.823978424072266
5.421389102935791
17.182811737060547
7.607475757598877
14.577558517456055
2.611494302749634
12.823665618896484
5.421497821807861
17.183055877685547
7.607789993286133
14.577112197875977
2.6116793155670166
12.823358535766602
5.421604633331299
17.18329620361328
7.608098983764648
14.57667350769043
2.611861228942871
12.8230562210083
5.4217095375061035
17.18353271484375
7.608402729034424
14.576241493225098
2.6120400428771973
12.822758674621582
5.421813011169434
17.183765411376953
7.608701229095459
14.575817108154297
2.612215995788574
12.822466850280762
5.421914577484131
17.18399429321289
7.608994960784912
14.575399398803711
2.612388849258423
12.822179794311523
5.422014236450195
17.184219360351562
7.609283924102783
14.574989318847656
2.6125588417053223
12.821897506713867
5.422112464904785
17.18444061279297
7.609568119049072
14.574585914611816
2.6127259731292725
12.821619987487793
5.422208786010742
17.18465805053711
7.609847545623779
14.574189186096191
2.6128904819488525
12.8213472366333
5.422303676605225
17.184871673583984
7.610122203826904
14.573799133300781
2.6130521297454834
12.821078300476074
5.422397136688232
17.185081481933594
7.610392093658447
14.573415756225586
2.613211154937744
12.82081413269043
5.422489166259766
17.185287475585938
7.610657691955566
14.573038101196289
2.6133675575256348
12.820554733276367
5.422579288482666
17.185489654541016
7.610918998718262
14.572667121887207
2.6135213375091553
12.82029914855957
5.422667980194092
17.18568992614746
7.611175537109375
14.572301864624023
2.6136724948883057
12.820048332214355
5.422755241394043
17.18588638305664
7.6114277839660645
14.571943283081055
2.613821268081665
12.819801330566406
5.4228410720825195
17.186079025268555
7.611676216125488
14.571590423583984
2.6139674186706543
12.819558143615723
5.4229254722595215
17.186267852783203
7.611920356750488
14.571243286132812
2.6141111850738525
12.819319725036621
5.423008441925049
17.18645477294922
7.6121602058410645
14.570901870727539
2.6142525672912598
12.819085121154785
5.423089981079102
17.18663787841797
7.612396240234375
14.570566177368164
2.614391565322876
12.818854331970215
5.42317008972168
17.186819076538086
7.61262845993042
14.570236206054688
2.614528179168701
12.81862735748291
5.423248767852783
17.186996459960938
7.612856864929199
14.56991195678711
2.6146626472473145
12.818404197692871
5.42332649230957
17.187170028686523
7.613081455230713
14.569592475891113
2.6147947311401367
12.818184852600098
5.423402786254883
17.187341690063477
7.613302230834961
14.569278717041016
2.614924669265747
12.81796932220459
5.423477649688721
17.187509536743164
7.613519191741943
14.568970680236816
2.6150524616241455
12.817756652832031
5.423551559448242
17.18767547607422
7.613732814788818
14.5686674118042
2.615178108215332
12.817547798156738
5.423624038696289
17.187837600708008
7.613942623138428
14.568368911743164
2.6153016090393066
12.817342758178711
5.4236955642700195
17.187997817993164
7.61414909362793
14.568075180053711
2.6154232025146484
12.817140579223633
5.423765659332275
17.188156127929688
7.614352226257324
14.567787170410156
2.6155426502227783
12.81694221496582
5.423834800720215
17.188310623168945
7.614551544189453
14.567503929138184
2.6156601905822754
12.816746711730957
5.42390251159668
17.18846321105957
7.614747524261475
14.567225456237793
2.6157758235931396
12.81655502319336
5.423969268798828
17.188613891601562
7.614940643310547
14.566950798034668
2.615889549255371
12.816366195678711
5.42403507232666
17.18876075744629
7.615130424499512
14.566680908203125
2.6160013675689697
12.816180229187012
5.424099445343018
17.188905715942383
7.615316867828369
14.566415786743164
2.6161112785339355
12.815998077392578
5.424162864685059
17.189048767089844
7.615500450134277
14.566155433654785
2.6162192821502686
12.815818786621094
5.424225330352783
17.18918800354004
7.615680694580078
14.565898895263672
2.616325616836548
12.815642356872559
5.424286842346191
17.1893253326416
7.61585807800293
14.56564712524414
2.6164300441741943
12.815468788146973
5.424346923828125
17.18946075439453
7.616032600402832
14.565399169921875
2.616532802581787
12.815298080444336
5.424406051635742
17.189594268798828
7.616204261779785
14.565155029296875
2.616633892059326
12.815130233764648
5.424464225769043
17.189725875854492
7.616373062133789
14.564915657043457
2.6167333126068115
12.81496524810791
5.424521446228027
17.189855575561523
7.616539001464844
14.564680099487305
2.616831064224243
12.814803123474121
5.424577713012695
17.18998146057129
7.616702079772949
14.564448356628418
2.616927146911621
12.814643859863281
5.424633026123047
17.190105438232422
7.6168622970581055
14.564220428466797
2.6170215606689453
12.814486503601074
5.424687385559082
17.190227508544922
7.617020130157471
14.563996315002441
2.617114305496216
12.814332008361816
5.424740791320801
17.19034767150879
7.617175102233887
14.563776016235352
2.6172056198120117
12.814180374145508
5.424793720245361
17.190465927124023
7.617327690124512
14.563559532165527
2.617295503616333
12.814031600952148
5.4248456954956055
17.190582275390625
7.6174774169921875
14.563346862792969
2.6173837184906006
12.813884735107422
5.424896717071533
17.190696716308594
7.617624759674072
14.56313705444336
2.6174705028533936
12.813740730285645
5.4249467849731445
17.19080924987793
7.617769718170166
14.562931060791016
2.617555856704712
12.8135986328125
5.4249958992004395
17.190919876098633
7.617912292480469
14.562728881835938
2.6176397800445557
12.813459396362305
5.425044536590576
17.191028594970703
7.6180524826049805
14.562529563903809
2.617722272872925
12.813322067260742
5.4250922203063965
17.19113540649414
7.618190288543701
14.562334060668945
2.6178033351898193
12.813187599182129
5.4251389503479
17.191240310668945
7.618325710296631
14.562141418457031
2.6178832054138184
12.813055038452148
5.425185203552246
17.191343307495117
7.618459224700928
14.561951637268066
2.6179616451263428
12.8129243850708
5.425230503082275
17.191444396972656
7.618590354919434
14.561765670776367
2.6180388927459717
12.812796592712402
5.425274848937988
17.191543579101562
7.618719100952148
14.561582565307617
2.618114709854126
12.812670707702637
5.425318717956543
17.19164276123047
7.6188459396362305
14.561402320861816
2.6181893348693848
12.812546730041504
5.425361633300781
17.191740036010742
7.6189703941345215
14.561224937438965
2.618262767791748
12.812424659729004
5.425404071807861
17.191835403442383
7.61909294128418
14.561050415039062
2.618335008621216
12.812304496765137
5.425445556640625
17.19192886352539
7.619213581085205
14.56087875366211
2.618406057357788
12.812186241149902
5.4254865646362305
17.192020416259766
7.619332313537598
14.560709953308105
2.618475914001465
12.8120698928833
5.4254865646362305
17.192020416259766
7.619448661804199
14.56054401397705
2.618544578552246
12.811955451965332
5.4254865646362305
17.192020416259766
7.619563102722168
14.560380935668945
2.618612051010132
12.811842918395996
5.4254865646362305
17.192020416259766
7.619675636291504
14.560220718383789
2.618678331375122
12.811732292175293
5.4254865646362305
17.192020416259766
7.619786262512207
14.560063362121582
2.618743658065796
12.811623573303223
5.4254865646362305
17.192020416259766
7.619894981384277
14.559908866882324
2.618807792663574
12.811516761779785
5.4254865646362305
17.192020416259766
7.620002269744873
14.5597562789917
2.618870973587036
12.81141185760498
5.4254865646362305
17.192020416259766
7.620107650756836
14.559606552124023
2.6189329624176025
12.811308860778809
5.4254865646362305
17.192020416259766
7.620211124420166
14.559459686279297
2.6189939975738525
12.81120777130127
5.4254865646362305
17.192020416259766
7.6203131675720215
14.559314727783203
2.619054079055786
12.811107635498047
5.4254865646362305
17.192020416259766
7.620413303375244
14.559172630310059
2.619112968444824
12.811009407043457
5.4254865646362305
17.192020416259766
7.620512008666992
14.559032440185547
2.619170904159546
12.8109130859375
5.4254865646362305
17.192020416259766
7.620608806610107
14.558895111083984
2.619227886199951
12.810818672180176
5.4254865646362305
17.192020416259766
7.620704174041748
14.558759689331055
2.61928391456604
12.810725212097168
5.4254865646362305
17.192020416259766
7.620797634124756
14.558626174926758
2.6193389892578125
12.810633659362793
5.4254865646362305
17.192020416259766
7.620889663696289
14.55849552154541
2.6193931102752686
12.81054401397705
5.4254865646362305
17.192020416259766
7.620980262756348
14.558366775512695
2.6194465160369873
12.810455322265625
5.4254865646362305
17.192020416259766
7.621069431304932
14.558239936828613
2.6194989681243896
12.810368537902832
5.4254865646362305
17.192020416259766
7.621157169342041
14.558115005493164
2.6194989681243896
12.810368537902832
5.4254865646362305
17.192020416259766
7.621243476867676
14.557992935180664
2.6194989681243896
12.810368537902832
5.4254865646362305
17.192020416259766
7.621328353881836
14.557872772216797
2.6194989681243896
12.810368537902832
5.4254865646362305
17.192020416259766
7.6214118003845215
14.557754516601562
2.6194989681243896
12.810368537902832
5.4254865646362305
17.192020416259766
7.621493816375732
14.557638168334961
2.6194989681243896
12.810368537902832
5.4254865646362305
17.192020416259766
7.621574401855469
14.557523727416992
2.6194989681243896
12.810368537902832
5.4254865646362305
17.192020416259766
7.6216535568237305
14.557411193847656
2.6194989681243896
12.810368537902832
5.4254865646362305
17.192020416259766
7.621731281280518
14.557300567626953
2.6194989681243896
12.810368537902832
5.4254865646362305
17.192020416259766
7.621808052062988
14.557191848754883
2.6194989681243896
12.810368537902832
5.4254865646362305
17.192020416259766
7.621883392333984
14.557085037231445
2.6194989681243896
12.810368537902832
5.4254865646362305
17.192020416259766
7.621957302093506
14.55698013305664
2.6194989681243896
12.810368537902832
5.4254865646362305
17.192020416259766
7.622030258178711
14.556877136230469
2.6194989681243896
12.810368537902832
5.4254865646362305
17.192020416259766
7.622101783752441
14.556775093078613
2.6194989681243896
12.810368537902832
5.4254865646362305
17.192020416259766
7.6221723556518555
14.55667495727539
2.6194989681243896
12.810368537902832
5.4254865646362305
17.192020416259766
7.622241497039795
14.5565767288208
2.6194989681243896
12.810368537902832
5.4254865646362305
17.192020416259766
7.622309684753418
14.556480407714844
2.6194989681243896
12.810368537902832
5.4254865646362305
17.192020416259766
7.622376441955566
14.556385040283203
2.6194989681243896
12.810368537902832
5.4254865646362305
17.192020416259766
7.622442245483398
14.556291580200195
2.6194989681243896
12.810368537902832
5.4254865646362305
17.192020416259766
7.622507095336914
14.55620002746582
2.6194989681243896
12.810368537902832
5.4254865646362305
17.192020416259766
7.622570514678955
14.556109428405762
2.6194989681243896
12.810368537902832
5.4254865646362305
17.192020416259766
7.62263298034668
14.556020736694336
2.6194989681243896
12.810368537902832
5.4254865646362305
17.192020416259766
7.622694492340088
14.555932998657227
2.6194989681243896
12.810368537902832
5.4254865646362305
17.192020416259766
7.62275505065918
14.55584716796875
2.6194989681243896
12.810368537902832
5.4254865646362305
17.192020416259766
7.622814655303955
14.55576229095459
2.6194989681243896
12.810368537902832
5.4254865646362305
17.192020416259766
7.622873306274414
14.555679321289062
2.6194989681243896
12.810368537902832
5.4254865646362305
17.192020416259766
