6.294614315032959
3.7929799556732178
7.982932090759277
2.730971574783325
2.28291916847229
17.58848762512207
4.662444114685059
2.637115955352783
7.982932090759277
2.730971574783325
2.28291916847229
17.58848762512207
3.0574769973754883
1.500516414642334
7.982932090759277
2.730971574783325
2.28291916847229
17.58848762512207
1.7683815956115723
1.3109135627746582
7.982932090759277
2.730971574783325
2.28291916847229
17.58848762512207
1.1345665454864502
1.8142566680908203
7.982932090759277
2.730971574783325
2.28291916847229
17.58848762512207
1.6423733234405518
2.1738734245300293
7.982932090759277
2.730971574783325
2.28291916847229
17.58848762512207
2.141716718673706
2.527496576309204
7.982932090759277
2.730971574783325
2.28291916847229
17.58848762512207
2.632737636566162
2.8752260208129883
7.982932090759277
2.730971574783325
2.28291916847229
17.58848762512207
3.115575075149536
3.2171599864959717
7.982932090759277
2.730971574783325
2.28291916847229
17.58848762512207
3.590365171432495
3.5533950328826904
7.982932090759277
2.730971574783325
2.28291916847229
17.58848762512207
4.057241916656494
3.884026050567627
7.982932090759277
2.730971574783325
2.28291916847229
17.58848762512207
4.5163373947143555
4.209146499633789
7.982932090759277
2.730971574783325
2.28291916847229
17.58848762512207
4.9677815437316895
4.528848171234131
7.982932090759277
2.730971574783325
2.28291916847229
17.58848762512207
5.411701679229736
4.843221664428711
7.982932090759277
2.730971574783325
2.28291916847229
17.58848762512207
5.7786030769348145
4.921947479248047
7.982932090759277
2.730971574783325
2.28291916847229
17.58848762512207
6.0642290115356445
4.769956588745117
7.982932090759277
2.730971574783325
2.28291916847229
17.58848762512207
6.345094680786133
4.6204986572265625
7.982932090759277
2.730971574783325
2.28291916847229
17.58848762512207
6.621279239654541
4.473531723022461
7.982932090759277
2.730971574783325
2.28291916847229
17.58848762512207
6.86477518081665
4.361528396606445
8.011017799377441
2.6984570026397705
2.28291916847229
17.58848762512207
6.996861457824707
4.371846675872803
8.145986557006836
2.546030282974243
2.28291916847229
17.58848762512207
7.126746654510498
4.381992816925049
8.278705596923828
2.396143913269043
2.28291916847229
17.58848762512207
7.254467010498047
4.391969680786133
8.409213066101074
2.248755693435669
2.28291916847229
17.58848762512207
7.380058765411377
4.401780605316162
8.537545204162598
2.1038239002227783
2.28291916847229
17.58848762512207
7.503557205200195
4.411427974700928
8.663738250732422
1.9613076448440552
2.28291916847229
17.58848762512207
7.624997138977051
4.420914649963379
8.78782844543457
1.821166753768921
2.28291916847229
17.58848762512207
7.744413375854492
4.430243015289307
8.909850120544434
1.683361530303955
2.28291916847229
17.58848762512207
7.861839294433594
4.43941593170166
8.98320484161377
1.5572386980056763
2.28291916847229
17.58848762512207
7.97730827331543
4.4484357833862305
8.924210548400879
1.4685722589492798
2.28291916847229
17.58848762512207
8.090852737426758
4.457305431365967
8.866199493408203
1.3813836574554443
2.28291916847229
17.58848762512207
8.20250415802002
4.46602725982666
8.809155464172363
1.295648217201233
2.28291916847229
17.58848762512207
8.312294960021973
4.474603652954102
8.75306224822998
1.2113416194915771
2.28291916847229
17.58848762512207
8.420255661010742
4.483036994934082
8.697903633117676
1.1284401416778564
2.28291916847229
17.58848762512207
8.52641773223877
4.491330146789551
8.643664360046387
1.0469204187393188
2.28291916847229
17.58848762512207
8.630809783935547
4.499485015869141
8.596614837646484
1.0189640522003174
2.28291916847229
17.58848762512207
8.7334623336792
4.507503986358643
8.561711311340332
1.0583765506744385
2.28291916847229
17.58848762512207
8.834403991699219
4.5153889656066895
8.527389526367188
1.0971322059631348
2.28291916847229
17.58848762512207
8.933663368225098
4.5231428146362305
8.49363899230957
1.135241985321045
2.28291916847229
17.58848762512207
8.982022285461426
4.530080795288086
8.460451126098633
1.1727166175842285
2.28291916847229
17.58848762512207
8.934033393859863
4.535070419311523
8.427816390991211
1.209566593170166
2.28291916847229
17.58848762512207
8.88684368133545
4.539977073669434
8.395726203918457
1.245802402496338
2.28291916847229
17.58848762512207
8.84044075012207
4.544801712036133
8.36417007446289
1.2814342975616455
2.28291916847229
17.58848762512207
8.794811248779297
4.549546241760254
8.33314037322998
1.3164722919464111
2.28291916847229
17.58848762512207
8.7499418258667
4.554211616516113
8.302627563476562
1.350926399230957
2.28291916847229
17.58848762512207
8.70582103729248
4.5587992668151855
8.272623062133789
1.3848062753677368
2.28291916847229
17.58848762512207
8.662435531616211
4.563310146331787
8.243119239807129
1.4181214570999146
2.28291916847229
17.58848762512207
8.619772911071777
4.567746162414551
8.214106559753418
1.4508813619613647
2.28291916847229
17.58848762512207
8.577821731567383
4.572108268737793
8.185577392578125
1.4830952882766724
2.28291916847229
17.58848762512207
8.536569595336914
4.57639741897583
8.157524108886719
1.5147722959518433
2.28291916847229
17.58848762512207
8.496005058288574
4.580615043640137
8.129938125610352
1.5459213256835938
2.28291916847229
17.58848762512207
8.456116676330566
4.5847625732421875
8.102811813354492
1.5765511989593506
2.28291916847229
17.58848762512207
8.416893005371094
4.588840961456299
8.07613754272461
1.606670618057251
2.28291916847229
17.58848762512207
8.37832260131836
4.592851161956787
8.049908638000488
1.636288046836853
2.28291916847229
17.58848762512207
8.340394973754883
4.596794605255127
8.024116516113281
1.6654118299484253
2.28291916847229
17.58848762512207
8.303099632263184
4.600672245025635
7.998754024505615
1.6940501928329468
2.28291916847229
17.58848762512207
8.266426086425781
4.604485511779785
7.973814487457275
1.7222113609313965
2.28291916847229
17.58848762512207
8.230363845825195
4.6082353591918945
7.9492902755737305
1.7499030828475952
2.28291916847229
17.58848762512207
8.194902420043945
4.611922264099121
7.925175189971924
1.7771333456039429
2.28291916847229
17.58848762512207
8.160032272338867
4.615548133850098
7.901462078094482
1.8039097785949707
2.28291916847229
17.58848762512207
8.12574291229248
4.619113445281982
7.878143787384033
1.8302398920059204
2.28291916847229
17.58848762512207
8.092024803161621
4.622619152069092
7.8552141189575195
1.8561311960220337
2.28291916847229
17.58848762512207
8.058869361877441
4.6260666847229
7.832666873931885
1.8815909624099731
2.28291916847229
17.58848762512207
8.026266098022461
4.629456520080566
7.810495376586914
1.9066263437271118
2.28291916847229
17.58848762512207
7.994206428527832
4.6327900886535645
7.788693428039551
1.9312444925308228
2.28291916847229
17.58848762512207
7.962680816650391
4.636067867279053
7.767254829406738
1.9554523229599
2.28291916847229
17.58848762512207
7.931680679321289
4.639291286468506
7.74617338180542
1.9792567491531372
2.28291916847229
17.58848762512207
7.90119743347168
4.642460823059082
7.725443363189697
2.00266432762146
2.28291916847229
17.58848762512207
7.871222019195557
4.645577430725098
7.705059051513672
2.025681972503662
2.28291916847229
17.58848762512207
7.8417463302612305
4.648642063140869
7.685014247894287
2.04831600189209
2.28291916847229
17.58848762512207
7.8127617835998535
4.651655673980713
7.665303707122803
2.0705726146698
2.28291916847229
17.58848762512207
7.784260272979736
4.654619216918945
7.64592170715332
2.0924582481384277
2.28291916847229
17.58848762512207
7.7562336921691895
4.657533168792725
7.626862525939941
2.1139793395996094
2.28291916847229
17.58848762512207
7.728674411773682
4.660398483276367
7.608120918273926
2.135141611099243
2.28291916847229
17.58848762512207
7.701574325561523
4.6632161140441895
7.589691638946533
2.1559512615203857
2.28291916847229
17.58848762512207
7.674925804138184
4.665987014770508
7.571569919586182
2.1764140129089355
2.28291916847229
17.58848762512207
7.648721694946289
4.6687116622924805
7.553750038146973
2.19653582572937
2.28291916847229
17.58848762512207
7.622954368591309
4.671391010284424
7.536227226257324
2.216322183609009
2.28291916847229
17.58848762512207
7.597616195678711
4.674025535583496
7.518996238708496
2.23577880859375
2.28291916847229
17.58848762512207
7.572700500488281
4.676616191864014
7.5020527839660645
2.254911184310913
2.28291916847229
17.58848762512207
7.5482001304626465
4.679163455963135
7.485391616821289
2.2737245559692383
2.28291916847229
17.58848762512207
7.524107933044434
4.681668281555176
7.469007968902588
2.292224407196045
2.28291916847229
17.58848762512207
7.500417232513428
4.684131622314453
7.452897548675537
2.3104159832000732
2.28291916847229
17.58848762512207
7.477121353149414
4.686553955078125
7.437055587768555
2.3283042907714844
2.28291916847229
17.58848762512207
7.454214096069336
4.68893575668335
7.421477794647217
2.3458945751190186
2.28291916847229
17.58848762512207
7.43168830871582
4.691277980804443
7.406159400939941
2.363191604614258
2.28291916847229
17.58848762512207
7.409538269042969
4.6935811042785645
7.391096115112305
2.3802003860473633
2.28291916847229
17.58848762512207
7.387757301330566
4.695845603942871
7.376284122467041
2.396925687789917
2.28291916847229
17.58848762512207
7.366339206695557
4.69807243347168
7.361719131469727
2.413372278213501
2.28291916847229
17.58848762512207
7.345278263092041
4.700262069702148
7.3473968505859375
2.429544687271118
2.28291916847229
17.58848762512207
7.324568271636963
4.702415466308594
7.33331298828125
2.4454476833343506
2.28291916847229
17.58848762512207
7.304203510284424
4.704533100128174
7.319464206695557
2.461085557937622
2.28291916847229
17.58848762512207
7.284178256988525
4.706615447998047
7.305846214294434
2.4764628410339355
2.28291916847229
17.58848762512207
7.264486312866211
4.708662986755371
7.292455196380615
2.491583824157715
2.28291916847229
17.58848762512207
7.245122909545898
4.710676193237305
7.279287338256836
2.506452798843384
2.28291916847229
17.58848762512207
7.2260823249816895
4.712656021118164
7.26633882522583
2.521073818206787
2.28291916847229
17.58848762512207
7.2073588371276855
4.714602947235107
7.25360631942749
2.5354511737823486
2.28291916847229
17.58848762512207
7.1889472007751465
4.716517448425293
7.241086006164551
2.549588918685913
2.28291916847229
17.58848762512207
7.17084264755249
4.718400001525879
7.228774070739746
2.563491106033325
2.28291916847229
17.58848762512207
7.153039932250977
4.720251083374023
7.216667652130127
2.5771615505218506
2.28291916847229
17.58848762512207
7.135533809661865
4.722071170806885
7.204762935638428
2.590604066848755
2.28291916847229
17.58848762512207
7.118319511413574
4.723861217498779
7.193056583404541
2.603822708129883
2.28291916847229
17.58848762512207
7.1013922691345215
4.725621223449707
7.181545257568359
2.616821050643921
2.28291916847229
17.58848762512207
7.084746837615967
4.727352142333984
7.170225620269775
2.6296026706695557
2.28291916847229
17.58848762512207
7.068378925323486
4.729053974151611
7.15909481048584
2.6421713829040527
2.28291916847229
17.58848762512207
7.052283763885498
4.730727672576904
7.148149490356445
2.6545305252075195
2.28291916847229
17.58848762512207
7.036457061767578
4.732373237609863
7.137386798858643
2.6666836738586426
2.28291916847229
17.58848762512207
7.0208940505981445
4.733991622924805
7.126803398132324
2.6786341667175293
2.28291916847229
17.58848762512207
7.005590438842773
4.7355828285217285
7.116396427154541
2.690385580062866
2.28291916847229
17.58848762512207
6.990541934967041
4.737147331237793
7.1061625480651855
2.7019410133361816
2.28291916847229
17.58848762512207
6.975744247436523
4.7386860847473145
7.096099376678467
2.713304042816162
2.28291916847229
17.58848762512207
6.961193084716797
4.740199089050293
7.0862040519714355
2.724477529525757
2.28291916847229
17.58848762512207
6.946884632110596
4.741686820983887
7.076473712921143
2.7354648113250732
2.28291916847229
17.58848762512207
6.932814598083496
4.743149757385254
7.066905498504639
2.7462689876556396
2.28291916847229
17.58848762512207
6.918979167938232
4.744588375091553
7.057496547698975
2.7568931579589844
2.28291916847229
17.58848762512207
6.905884265899658
4.750651836395264
7.047734260559082
2.7626914978027344
2.28291916847229
17.58848762512207
6.89301061630249
4.756568431854248
7.0381317138671875
2.768439292907715
2.28291916847229
17.58848762512207
6.880354404449463
4.762348651885986
7.0286865234375
2.7741286754608154
2.28291916847229
17.58848762512207
6.867910861968994
4.768002033233643
7.019397258758545
2.7797539234161377
2.28291916847229
17.58848762512207
6.855676174163818
4.773536205291748
7.010261058807373
2.7853102684020996
2.28291916847229
17.58848762512207
6.843647480010986
4.778957843780518
7.001275062561035
2.7907943725585938
2.28291916847229
17.58848762512207
6.831820011138916
4.78427267074585
6.992438316345215
2.79620361328125
2.28291916847229
17.58848762512207
6.820190906524658
4.789484977722168
6.983747482299805
2.8015365600585938
2.28291916847229
17.58848762512207
6.808756351470947
4.794598579406738
6.975200176239014
2.8067920207977295
2.28291916847229
17.58848762512207
6.797513484954834
4.799617767333984
6.966794490814209
2.811969518661499
2.28291916847229
17.58848762512207
6.786458492279053
4.804544925689697
6.958528518676758
2.8170688152313232
2.28291916847229
17.58848762512207
6.775588035583496
4.809383392333984
6.950399875640869
2.822089910507202
2.28291916847229
17.58848762512207
6.764899253845215
4.814136981964111
6.942406177520752
2.827031373977661
2.28291916847229
17.58848762512207
6.754388809204102
4.818811416625977
6.934545993804932
2.83189058303833
2.28291916847229
17.58848762512207
6.744053363800049
4.823408126831055
6.926816463470459
2.8366687297821045
2.28291916847229
17.58848762512207
6.733890056610107
4.827928066253662
6.919216156005859
2.841367244720459
2.28291916847229
17.58848762512207
6.723896503448486
4.832372665405273
6.911742210388184
2.845987558364868
2.28291916847229
17.58848762512207
6.714069366455078
4.836743354797363
6.904392719268799
2.8505308628082275
2.28291916847229
17.58848762512207
6.704405784606934
4.841041088104248
6.897165775299072
2.8549983501434326
2.28291916847229
17.58848762512207
6.694903373718262
4.845267295837402
6.890059471130371
2.859391450881958
2.28291916847229
17.58848762512207
6.685559272766113
4.849422931671143
6.883071422576904
2.863711357116699
2.28291916847229
17.58848762512207
6.676371097564697
4.853509426116943
6.876200199127197
2.8679592609405518
2.28291916847229
17.58848762512207
6.6673359870910645
4.857527732849121
6.869443416595459
2.872136354446411
2.28291916847229
17.58848762512207
6.658451557159424
4.861478805541992
6.862799167633057
2.876243829727173
2.28291916847229
17.58848762512207
6.649714946746826
4.865364074707031
6.856265544891357
2.8802828788757324
2.28291916847229
17.58848762512207
6.641124248504639
4.869184970855713
6.8498406410217285
2.8842544555664062
2.28291916847229
17.58848762512207
6.632676601409912
4.872941970825195
6.843523025512695
2.888159990310669
2.28291916847229
17.58848762512207
6.6243696212768555
4.876636505126953
6.837310791015625
2.892000436782837
2.28291916847229
17.58848762512207
6.616201400756836
4.880269527435303
6.831202030181885
2.8957767486572266
2.28291916847229
17.58848762512207
6.608169078826904
4.8838419914245605
6.825194835662842
2.8994901180267334
2.28291916847229
17.58848762512207
6.600270748138428
4.887354850769043
6.8192877769470215
2.903141736984253
2.28291916847229
17.58848762512207
6.592504024505615
4.890809059143066
6.813479423522949
2.9067323207855225
2.28291916847229
17.58848762512207
6.584866523742676
4.894205570220947
6.807767868041992
2.9102630615234375
2.28291916847229
17.58848762512207
6.577356338500977
4.897545337677002
6.802151679992676
2.9137349128723145
2.28291916847229
17.58848762512207
6.569971561431885
4.900829792022705
6.796628952026367
2.917149066925049
2.28291916847229
17.58848762512207
6.562709808349609
4.904059410095215
6.791198253631592
2.920506238937378
2.28291916847229
17.58848762512207
6.555569171905518
4.907235145568848
6.785858154296875
2.923807382583618
2.28291916847229
17.58848762512207
6.548547267913818
4.91035795211792
6.780606746673584
2.927053689956665
2.28291916847229
17.58848762512207
6.541642665863037
4.913428783416748
6.775443077087402
2.930245876312256
2.28291916847229
17.58848762512207
6.534852981567383
4.916448593139648
6.770365238189697
2.933384895324707
2.28291916847229
17.58848762512207
6.528176307678223
4.919417858123779
6.765372276306152
2.936471462249756
2.28291916847229
17.58848762512207
6.521611213684082
4.922337532043457
6.760462284088135
2.9395065307617188
2.28291916847229
17.58848762512207
6.51515531539917
4.925208568572998
6.755634307861328
2.942491054534912
2.28291916847229
17.58848762512207
6.508807182312012
4.928031921386719
6.750886917114258
2.9454259872436523
2.28291916847229
17.58848762512207
6.502564907073975
4.930808067321777
6.746218681335449
2.9483118057250977
2.28291916847229
17.58848762512207
6.496426582336426
4.93353796005249
6.741628170013428
2.9511497020721436
2.28291916847229
17.58848762512207
6.490390777587891
4.936222553253174
6.737113952636719
2.9539401531219482
2.28291916847229
17.58848762512207
6.484455585479736
4.938862323760986
6.732675075531006
2.956684112548828
2.28291916847229
17.58848762512207
6.47861909866333
4.941458225250244
6.7283101081848145
2.9593822956085205
2.28291916847229
17.58848762512207
6.472879886627197
4.9440107345581055
6.724018096923828
2.962035655975342
2.28291916847229
17.58848762512207
6.467236518859863
4.946520805358887
6.719797611236572
2.96464467048645
2.28291916847229
17.58848762512207
6.461687088012695
4.948988914489746
6.715647220611572
2.967210292816162
2.28291916847229
17.58848762512207
6.456230163574219
4.951416015625
6.711565971374512
2.969733238220215
2.28291916847229
17.58848762512207
6.450864315032959
4.953802585601807
6.707552909851074
2.9722139835357666
2.28291916847229
17.58848762512207
6.445587635040283
4.956149101257324
6.703606605529785
2.974653482437134
2.28291916847229
17.58848762512207
6.440399169921875
4.958456516265869
6.699726104736328
2.9770522117614746
2.28291916847229
17.58848762512207
6.435297012329102
4.960725784301758
6.695910453796387
2.9794111251831055
2.28291916847229
17.58848762512207
6.430279731750488
4.96295690536499
6.692158222198486
2.9817306995391846
2.28291916847229
17.58848762512207
6.425346374511719
4.965150833129883
6.6884684562683105
2.984011650085449
2.28291916847229
17.58848762512207
6.42049503326416
4.967308521270752
6.684840202331543
2.9862544536590576
2.28291916847229
17.58848762512207
6.415724754333496
4.969429969787598
6.681272506713867
2.988459825515747
2.28291916847229
17.58848762512207
6.411033630371094
4.971516132354736
6.677764415740967
2.990628480911255
2.28291916847229
17.58848762512207
6.406420707702637
4.973567485809326
6.674314498901367
2.9927611351013184
2.28291916847229
17.58848762512207
6.401885032653809
4.975584983825684
6.67092227935791
2.9948580265045166
2.28291916847229
17.58848762512207
6.397424697875977
4.977568626403809
6.667586803436279
2.996920108795166
2.28291916847229
17.58848762512207
6.393038749694824
4.979519367218018
6.664306640625
2.998947858810425
2.28291916847229
17.58848762512207
6.388725757598877
4.981437683105469
6.661081314086914
3.000941753387451
2.28291916847229
17.58848762512207
6.384484767913818
4.98332405090332
6.657909870147705
3.0029025077819824
2.28291916847229
17.58848762512207
6.380314350128174
4.9851789474487305
6.654790878295898
3.0048305988311768
2.28291916847229
17.58848762512207
6.376213550567627
4.987002849578857
6.651723861694336
3.0067265033721924
2.28291916847229
17.58848762512207
6.372180938720703
4.988796234130859
6.648708343505859
3.0085906982421875
2.28291916847229
17.58848762512207
6.368215560913086
4.9905595779418945
6.645742893218994
3.0104238986968994
2.28291916847229
17.58848762512207
6.364316463470459
4.992293834686279
6.642827033996582
3.0122265815734863
2.28291916847229
17.58848762512207
6.360482215881348
4.993999004364014
6.639959812164307
3.0139992237091064
2.28291916847229
17.58848762512207
6.3567118644714355
4.995675563812256
6.637140274047852
3.015742301940918
2.28291916847229
17.58848762512207
6.353004455566406
4.997324466705322
6.6343674659729
3.017456293106079
2.28291916847229
17.58848762512207
6.349359035491943
4.998945713043213
6.631640911102295
3.019141674041748
2.28291916847229
17.58848762512207
6.345774173736572
5.000540256500244
6.628960132598877
3.020798921585083
2.28291916847229
17.58848762512207
6.342248916625977
5.002108097076416
6.626323699951172
3.022428512573242
2.28291916847229
17.58848762512207
6.33878231048584
5.003649711608887
6.6237311363220215
3.024031162261963
2.28291916847229
17.58848762512207
6.335373878479004
5.0051655769348145
6.621181964874268
3.025607109069824
2.28291916847229
17.58848762512207
6.332022190093994
5.006656169891357
6.618675231933594
3.0271565914154053
2.28291916847229
17.58848762512207
6.328726291656494
5.008121967315674
6.616210460662842
3.0286803245544434
2.28291916847229
17.58848762512207
6.3254852294921875
5.009563446044922
6.613786697387695
3.0301787853240967
2.28291916847229
17.58848762512207
6.322298049926758
5.010980606079102
6.611403465270996
3.0316522121429443
2.28291916847229
17.58848762512207
6.319164276123047
5.012374401092529
6.609059810638428
3.0331010818481445
2.28291916847229
17.58848762512207
6.31608247756958
5.013744831085205
6.606755256652832
3.0345258712768555
2.28291916847229
17.58848762512207
6.313052177429199
5.015092372894287
6.604488849639893
3.0359268188476562
2.28291916847229
17.58848762512207
6.310072422027588
5.016417503356934
6.602260589599609
3.037304401397705
2.28291916847229
17.58848762512207
6.30714225769043
5.017720699310303
6.600069522857666
3.03865909576416
2.28291916847229
17.58848762512207
6.304261207580566
5.0190019607543945
6.597914695739746
3.0399911403656006
2.28291916847229
17.58848762512207
6.301427841186523
5.020262241363525
6.595795631408691
3.0413010120391846
2.28291916847229
17.58848762512207
6.298641681671143
5.021501064300537
6.593711853027344
3.042588949203491
2.28291916847229
17.58848762512207
6.295902252197266
5.022719383239746
6.591662883758545
3.0438554286956787
2.28291916847229
17.58848762512207
6.293208122253418
5.0239176750183105
6.589648246765137
3.0451009273529053
2.28291916847229
17.58848762512207
6.2905592918396
5.0250959396362305
6.587666988372803
3.04632568359375
2.28291916847229
17.58848762512207
6.287954330444336
5.026254653930664
6.585719108581543
3.047529935836792
2.28291916847229
17.58848762512207
6.285392761230469
5.027393817901611
6.583803653717041
3.0487141609191895
2.28291916847229
17.58848762512207
6.28287410736084
5.0285139083862305
6.581920146942139
3.0498785972595215
2.28291916847229
17.58848762512207
6.280397415161133
5.02961540222168
6.5800676345825195
3.0510237216949463
2.28291916847229
17.58848762512207
6.277961730957031
5.030698776245117
6.578246116638184
3.052149772644043
2.28291916847229
17.58848762512207
6.276675224304199
5.030329704284668
6.576455116271973
3.0532569885253906
2.28291916847229
17.58848762512207
6.275932312011719
5.030117988586426
6.574922561645508
3.052924394607544
2.28291916847229
17.58848762512207
6.275197982788086
5.029909133911133
6.573426246643066
3.0525944232940674
2.28291916847229
17.58848762512207
6.274476051330566
5.029703617095947
6.571954727172852
3.05226993560791
2.28291916847229
17.58848762512207
6.273766040802002
5.029501438140869
6.570507526397705
3.0519509315490723
2.28291916847229
17.58848762512207
6.273067951202393
5.029302597045898
6.569084644317627
3.0516371726989746
2.28291916847229
17.58848762512207
6.27238130569458
5.029107093811035
6.567685604095459
3.051328659057617
2.28291916847229
17.58848762512207
6.2717061042785645
5.028914928436279
6.566309452056885
3.051025390625
2.28291916847229
17.58848762512207
6.271042346954346
5.028726100921631
6.5649566650390625
3.050727128982544
2.28291916847229
17.58848762512207
6.270389556884766
5.02854061126709
6.563626289367676
3.050433874130249
2.28291916847229
17.58848762512207
6.269747734069824
5.028357982635498
6.562317848205566
3.050145387649536
2.28291916847229
17.58848762512207
6.269116401672363
5.0281782150268555
6.561031341552734
3.0498616695404053
2.28291916847229
17.58848762512207
6.268495559692383
5.02800178527832
6.5597662925720215
3.0495827198028564
2.28291916847229
17.58848762512207
6.267885208129883
5.027828216552734
6.5585222244262695
3.0493085384368896
2.28291916847229
17.58848762512207
6.267284870147705
5.027657508850098
6.5572991371154785
3.049038887023926
2.28291916847229
17.58848762512207
6.26669454574585
5.02748966217041
6.55609655380249
3.048773765563965
2.28291916847229
17.58848762512207
6.266114234924316
5.027324676513672
6.5549139976501465
3.0485129356384277
2.28291916847229
17.58848762512207
6.265543460845947
5.027162551879883
6.553750991821289
3.0482563972473145
2.28291916847229
17.58848762512207
6.264982223510742
5.027002811431885
6.552607536315918
3.048004150390625
2.28291916847229
17.58848762512207
6.264430522918701
5.026845932006836
6.551483154296875
3.0477561950683594
2.28291916847229
17.58848762512207
6.263887882232666
5.026691436767578
6.550377368927002
3.0475122928619385
2.28291916847229
17.58848762512207
6.263354301452637
5.0265398025512695
6.549289703369141
3.0472724437713623
2.28291916847229
17.58848762512207
6.262829780578613
5.026390552520752
6.548220157623291
3.047036647796631
2.28291916847229
17.58848762512207
6.2623138427734375
5.026243686676025
6.547168731689453
3.046804904937744
2.28291916847229
17.58848762512207
6.261806488037109
5.02609920501709
6.546134948730469
3.046576976776123
2.28291916847229
17.58848762512207
6.261307716369629
5.025957107543945
6.54511833190918
3.0463528633117676
2.28291916847229
17.58848762512207
6.260817050933838
5.025817394256592
6.544118404388428
3.0461323261260986
2.28291916847229
17.58848762512207
6.260334491729736
5.025680065155029
6.543135166168213
3.0459156036376953
2.28291916847229
17.58848762512207
6.259860038757324
5.025545120239258
6.542168617248535
3.0457024574279785
2.28291916847229
17.58848762512207
6.259393692016602
5.025412559509277
6.541217803955078
3.0454928874969482
2.28291916847229
17.58848762512207
6.25893497467041
5.02528190612793
6.540283203125
3.0452868938446045
2.28291916847229
17.58848762512207
6.25848388671875
5.025153636932373
6.539363861083984
3.045084238052368
2.28291916847229
17.58848762512207
6.258040428161621
5.025027275085449
6.538459777832031
3.0448849201202393
2.28291916847229
17.58848762512207
6.257604122161865
5.024903297424316
6.537570953369141
3.0446889400482178
2.28291916847229
17.58848762512207
6.257175445556641
5.024781227111816
6.536696910858154
3.0444962978363037
2.28291916847229
17.58848762512207
6.256753921508789
5.024661064147949
6.535837650299072
3.044306755065918
2.28291916847229
17.58848762512207
6.256339073181152
5.024543285369873
6.534992694854736
3.0441203117370605
2.28291916847229
17.58848762512207
6.255931377410889
5.02442741394043
6.534161567687988
3.0439369678497314
2.28291916847229
17.58848762512207
6.25553035736084
5.024313449859619
6.533344268798828
3.0437567234039307
2.28291916847229
17.58848762512207
6.255136013031006
5.024201393127441
6.532540798187256
3.043579578399658
2.28291916847229
17.58848762512207
6.254748344421387
5.0240912437438965
6.531750679016113
3.043405294418335
2.28291916847229
17.58848762512207
6.254366874694824
5.023983001708984
6.5309739112854
3.043233871459961
2.28291916847229
17.58848762512207
6.253992080688477
5.023876190185547
6.530210018157959
3.043065309524536
2.28291916847229
17.58848762512207
6.2536234855651855
5.023771286010742
6.529458522796631
3.0428996086120605
2.28291916847229
17.58848762512207
6.253261089324951
5.02366828918457
6.528719902038574
3.042736768722534
2.28291916847229
17.58848762512207
6.252904415130615
5.023566722869873
6.527993202209473
3.042576551437378
2.28291916847229
17.58848762512207
6.252553939819336
5.023467063903809
6.527278900146484
3.042418956756592
2.28291916847229
17.58848762512207
6.252209186553955
5.023368835449219
6.526576519012451
3.042263984680176
2.28291916847229
17.58848762512207
6.251870155334473
5.023272514343262
6.525885581970215
3.04211163520813
2.28291916847229
17.58848762512207
6.251536846160889
5.023177623748779
6.525206565856934
3.041961908340454
2.28291916847229
17.58848762512207
6.251209259033203
5.0230841636657715
6.524538516998291
3.0418145656585693
2.28291916847229
17.58848762512207
6.250886917114258
5.0229926109313965
6.523881912231445
3.0416698455810547
2.28291916847229
17.58848762512207
6.250569820404053
5.022902488708496
6.523236274719238
3.041527509689331
2.28291916847229
17.58848762512207
6.250258445739746
5.02281379699707
6.522601127624512
3.0413875579833984
2.28291916847229
17.58848762512207
6.2499518394470215
5.022726535797119
6.521976470947266
3.0412497520446777
2.28291916847229
17.58848762512207
6.249650478363037
5.022640705108643
6.5213623046875
3.041114330291748
2.28291916847229
17.58848762512207
6.249354362487793
5.022556304931641
6.520758628845215
3.0409812927246094
2.28291916847229
17.58848762512207
6.249063014984131
5.022473335266113
6.520164966583252
3.0408504009246826
2.28291916847229
17.58848762512207
6.248776435852051
5.0223917961120605
6.519580841064453
3.0407216548919678
2.28291916847229
17.58848762512207
6.248494625091553
5.022311687469482
6.519006729125977
3.040595054626465
2.28291916847229
17.58848762512207
6.248217582702637
5.022233009338379
6.518442153930664
3.040470600128174
2.28291916847229
17.58848762512207
6.247945308685303
5.022155284881592
6.517887115478516
3.0403482913970947
2.28291916847229
17.58848762512207
6.247677326202393
5.022078990936279
6.517341136932373
3.0402278900146484
2.28291916847229
17.58848762512207
6.2474141120910645
5.022004127502441
6.516804218292236
3.040109634399414
2.28291916847229
17.58848762512207
6.24715518951416
5.02193021774292
6.5162763595581055
3.0399932861328125
2.28291916847229
17.58848762512207
6.24690055847168
5.021857738494873
6.515757083892822
3.0398788452148438
2.28291916847229
17.58848762512207
6.246650218963623
5.021786689758301
6.515246868133545
3.039766311645508
2.28291916847229
17.58848762512207
6.24640417098999
5.021716594696045
6.514744758605957
3.0396556854248047
2.28291916847229
17.58848762512207
6.246161937713623
5.021647930145264
6.514251232147217
3.0395469665527344
2.28291916847229
17.58848762512207
6.24592399597168
5.021580219268799
6.513765811920166
3.0394399166107178
2.28291916847229
17.58848762512207
6.245689868927002
5.02151346206665
6.513288497924805
3.039334774017334
2.28291916847229
17.58848762512207
6.24545955657959
5.021448135375977
6.512819290161133
3.039231300354004
2.28291916847229
17.58848762512207
6.245233058929443
5.021383762359619
6.512357711791992
3.0391294956207275
2.28291916847229
17.58848762512207
6.2450103759765625
5.021320343017578
6.511903762817383
3.039029359817505
2.28291916847229
17.58848762512207
6.244791507720947
5.0212578773498535
6.511457443237305
3.038930892944336
2.28291916847229
17.58848762512207
6.244576454162598
5.0211968421936035
6.511018753051758
3.0388340950012207
2.28291916847229
17.58848762512207
6.2443647384643555
5.02113676071167
6.510587215423584
3.038738965988159
2.28291916847229
17.58848762512207
6.244156360626221
5.021077632904053
6.510162830352783
3.0386455059051514
2.28291916847229
17.58848762512207
6.243951797485352
5.021019458770752
6.5097455978393555
3.038553476333618
2.28291916847229
17.58848762512207
6.24375057220459
5.020962238311768
6.509335517883301
3.0384631156921387
2.28291916847229
17.58848762512207
6.2435526847839355
5.0209059715271
6.508932113647461
3.038374185562134
2.28291916847229
17.58848762512207
6.243358135223389
5.020850658416748
6.508535385131836
3.0382866859436035
2.28291916847229
17.58848762512207
6.243166923522949
5.020796298980713
6.508145332336426
3.038200616836548
2.28291916847229
17.58848762512207
6.242978572845459
5.020742893218994
6.5077619552612305
3.038115978240967
2.28291916847229
17.58848762512207
6.242793560028076
5.020690441131592
6.507384777069092
3.0380327701568604
2.28291916847229
17.58848762512207
6.242611408233643
5.020638465881348
6.50701379776001
3.0379509925842285
2.28291916847229
17.58848762512207
6.242432594299316
5.02058744430542
6.506649017333984
3.0378706455230713
2.28291916847229
17.58848762512207
6.2422566413879395
5.020537376403809
6.506290435791016
3.0377914905548096
2.28291916847229
17.58848762512207
6.242083549499512
5.020488262176514
6.505937576293945
3.0377137660980225
2.28291916847229
17.58848762512207
6.241913318634033
5.020439624786377
6.505590915679932
3.037637233734131
2.28291916847229
17.58848762512207
6.241745948791504
5.020391941070557
6.505249977111816
3.037562131881714
2.28291916847229
17.58848762512207
6.241581439971924
5.020345211029053
6.5049147605896
3.0374882221221924
2.28291916847229
17.58848762512207
6.241419792175293
5.020298957824707
6.504585266113281
3.0374155044555664
2.28291916847229
17.58848762512207
6.241260528564453
5.020253658294678
6.504261016845703
3.037343978881836
2.28291916847229
17.58848762512207
6.2411041259765625
5.020209312438965
6.503942012786865
3.037273645401001
2.28291916847229
17.58848762512207
6.240950107574463
5.02016544342041
6.503628730773926
3.0372045040130615
2.28291916847229
17.58848762512207
6.2407989501953125
5.020122528076172
6.503320217132568
3.0371365547180176
2.28291916847229
17.58848762512207
6.240650177001953
5.020080089569092
6.503016948699951
3.037069797515869
2.28291916847229
17.58848762512207
6.240503787994385
5.020038604736328
6.502718925476074
3.037003993988037
2.28291916847229
17.58848762512207
6.240359783172607
5.019997596740723
6.502425670623779
3.0369393825531006
2.28291916847229
17.58848762512207
6.240218162536621
5.019957542419434
6.502137660980225
3.0368757247924805
2.28291916847229
17.58848762512207
6.240078926086426
5.019917964935303
6.501854419708252
3.036813259124756
2.28291916847229
17.58848762512207
6.2399420738220215
5.01987886428833
6.501575469970703
3.0367517471313477
2.28291916847229
17.58848762512207
6.239807605743408
5.019840717315674
6.501301288604736
3.036691427230835
2.28291916847229
17.58848762512207
6.239675521850586
5.019803047180176
6.501031875610352
3.0366320610046387
2.28291916847229
17.58848762512207
6.2395453453063965
5.019765853881836
6.500766754150391
3.036573648452759
2.28291916847229
17.58848762512207
6.239417552947998
5.0197296142578125
6.5005059242248535
3.0365161895751953
2.28291916847229
17.58848762512207
6.239291667938232
5.019693851470947
6.500249862670898
3.0364596843719482
2.28291916847229
17.58848762512207
6.239168167114258
5.01965856552124
6.499998092651367
3.0364041328430176
2.28291916847229
17.58848762512207
6.239046573638916
5.019623756408691
6.499750137329102
3.0363495349884033
2.28291916847229
17.58848762512207
6.238926887512207
5.019589900970459
6.49950647354126
3.0362958908081055
2.28291916847229
17.58848762512207
6.238809108734131
5.019556522369385
6.499267101287842
3.036242961883545
2.28291916847229
17.58848762512207
6.238693714141846
5.019523620605469
6.4990315437316895
3.036190986633301
2.28291916847229
17.58848762512207
6.238580226898193
5.019491195678711
6.498799800872803
3.036139965057373
2.28291916847229
17.58848762512207
6.238468647003174
5.019459247589111
6.498571872711182
3.0360896587371826
2.28291916847229
17.58848762512207
6.238358497619629
5.01942777633667
6.498347759246826
3.0360403060913086
2.28291916847229
17.58848762512207
6.238250255584717
5.019397258758545
6.498127460479736
3.035991668701172
2.28291916847229
17.58848762512207
6.2381439208984375
5.019367218017578
6.497910976409912
3.0359439849853516
2.28291916847229
17.58848762512207
6.238039493560791
5.0193376541137695
6.497697830200195
3.0358970165252686
2.28291916847229
17.58848762512207
6.237936496734619
5.019308567047119
6.497488498687744
3.035850763320923
2.28291916847229
17.58848762512207
6.23783540725708
5.019279956817627
6.4972825050354
3.0358054637908936
2.28291916847229
17.58848762512207
6.237736225128174
5.019251823425293
6.497079849243164
3.0357608795166016
2.28291916847229
17.58848762512207
6.237638473510742
5.019224166870117
6.496880531311035
3.035717010498047
2.28291916847229
17.58848762512207
6.237638473510742
5.019224166870117
6.496684551239014
3.0356738567352295
2.28291916847229
17.58848762512207
6.237638473510742
5.019224166870117
6.4964919090271
3.0356314182281494
2.28291916847229
17.58848762512207
6.237638473510742
5.019224166870117
6.496302604675293
3.0355896949768066
2.28291916847229
17.58848762512207
6.237638473510742
5.019224166870117
6.496116638183594
3.035548686981201
2.28291916847229
17.58848762512207
6.237638473510742
5.019224166870117
6.495933532714844
3.035508394241333
2.28291916847229
17.58848762512207
6.237638473510742
5.019224166870117
6.495753288269043
3.035468578338623
2.28291916847229
17.58848762512207
6.237638473510742
5.019224166870117
6.49557638168335
3.0354294776916504
2.28291916847229
17.58848762512207
6.237638473510742
5.019224166870117
6.4954023361206055
3.035391092300415
2.28291916847229
17.58848762512207
6.237638473510742
5.019224166870117
6.4952311515808105
3.035353422164917
2.28291916847229
17.58848762512207
6.237638473510742
5.019224166870117
6.495062828063965
3.035316228866577
2.28291916847229
17.58848762512207
6.237638473510742
5.019224166870117
6.494897365570068
3.0352797508239746
2.28291916847229
17.58848762512207
6.237638473510742
5.019224166870117
6.494734764099121
3.0352437496185303
2.28291916847229
17.58848762512207
6.237638473510742
5.019224166870117
6.494574546813965
3.0352084636688232
2.28291916847229
17.58848762512207
6.237638473510742
5.019224166870117
6.494417190551758
3.0351736545562744
2.28291916847229
17.58848762512207
6.237638473510742
5.019224166870117
6.494262218475342
3.035139560699463
2.28291916847229
17.58848762512207
6.237638473510742
5.019224166870117
6.494110107421875
3.0351059436798096
2.28291916847229
17.58848762512207
6.237638473510742
5.019224166870117
6.493960380554199
3.0350730419158936
2.28291916847229
17.58848762512207
6.237638473510742
5.019224166870117
6.4938130378723145
3.0350406169891357
2.28291916847229
17.58848762512207
6.237638473510742
5.019224166870117
6.493668556213379
3.035008668899536
2.28291916847229
17.58848762512207
6.237638473510742
5.019224166870117
6.493526458740234
3.0349771976470947
2.28291916847229
17.58848762512207
6.237638473510742
5.019224166870117
6.493386745452881
3.0349464416503906
2.28291916847229
17.58848762512207
6.237638473510742
5.019224166870117
6.49324893951416
3.0349161624908447
2.28291916847229
17.58848762512207
6.237638473510742
5.019224166870117
6.4931135177612305
3.034886360168457
2.28291916847229
17.58848762512207
6.237638473510742
5.019224166870117
6.492980480194092
3.0348570346832275
2.28291916847229
17.58848762512207
6.237638473510742
5.019224166870117
6.492849826812744
3.0348281860351562
2.28291916847229
17.58848762512207
6.237638473510742
5.019224166870117
6.492721080780029
3.034799814224243
2.28291916847229
17.58848762512207
6.237638473510742
5.019224166870117
6.4925947189331055
3.0347719192504883
2.28291916847229
17.58848762512207
6.237638473510742
5.019224166870117
6.4924702644348145
3.0347445011138916
2.28291916847229
17.58848762512207
6.237638473510742
5.019224166870117
6.492347717285156
3.034717559814453
2.28291916847229
17.58848762512207
6.237638473510742
5.019224166870117
6.492227554321289
3.034691095352173
2.28291916847229
17.58848762512207
6.237638473510742
5.019224166870117
6.492109298706055
3.034665107727051
2.28291916847229
17.58848762512207
6.237638473510742
5.019224166870117
6.491992950439453
3.034639358520508
2.28291916847229
17.58848762512207
6.237638473510742
5.019224166870117
6.491878509521484
3.034614086151123
2.28291916847229
17.58848762512207
6.237638473510742
5.019224166870117
6.491765975952148
3.0345892906188965
2.28291916847229
17.58848762512207
6.237638473510742
5.019224166870117
6.491655349731445
3.034564971923828
2.28291916847229
17.58848762512207
6.237638473510742
5.019224166870117
6.491546630859375
3.034540891647339
2.28291916847229
17.58848762512207
6.237638473510742
5.019224166870117
6.4914398193359375
3.034517288208008
2.28291916847229
17.58848762512207
6.237638473510742
5.019224166870117
6.491334438323975
3.034494161605835
2.28291916847229
17.58848762512207
6.237638473510742
5.019224166870117
6.4912309646606445
3.034471273422241
2.28291916847229
17.58848762512207
6.237638473510742
5.019224166870117
6.491129398345947
3.0344488620758057
2.28291916847229
17.58848762512207
6.237638473510742
5.019224166870117
6.491029262542725
3.0344269275665283
2.28291916847229
17.58848762512207
6.237638473510742
5.019224166870117
6.490931034088135
3.03440523147583
2.28291916847229
17.58848762512207
