3.0158896446228027
1.5359526872634888
1.9726098775863647
3.9685444831848145
1.173638105392456
10.800813674926758
3.0158896446228027
1.5359526872634888
1.9726098775863647
3.9685444831848145
1.0068176984786987
9.389724731445312
3.0158896446228027
1.5359526872634888
1.9726098775863647
3.9685444831848145
1.096589207649231
8.119990348815918
3.0158896446228027
1.5359526872634888
1.9726098775863647
3.9685444831848145
1.1848645210266113
6.871417999267578
3.0158896446228027
1.5359526872634888
2.011974334716797
3.842136859893799
1.2323040962219238
5.7700629234313965
3.117070436477661
1.3026905059814453
2.1674611568450928
3.2441272735595703
1.0609935522079468
5.394034385681152
3.3297667503356934
1.1426105499267578
2.167236804962158
3.009934186935425
1.056074619293213
5.093006610870361
3.525163173675537
1.3532387018203735
2.136937141418457
2.8557679653167725
1.138898491859436
4.8405280113220215
3.767277717590332
1.4223074913024902
2.075019121170044
2.8079142570495605
1.2024908065795898
4.626563549041748
4.005356788635254
1.490225076675415
2.093195676803589
2.6107325553894043
1.1859607696533203
4.566290378570557
4.239468097686768
1.5570107698440552
2.1110692024230957
2.416837215423584
1.1697062253952026
4.507021427154541
4.469677448272705
1.6226832866668701
2.1286447048187256
2.2261736392974854
1.1537226438522339
4.448740482330322
4.69605016708374
1.6872613430023193
2.1459274291992188
2.0386877059936523
1.1380054950714111
4.391430854797363
4.918649673461914
1.7507630586624146
2.1629221439361572
1.8543264865875244
1.1225502490997314
4.335076332092285
5.137539386749268
1.813206434249878
2.179633617401123
1.6730380058288574
1.107352614402771
4.279661178588867
5.352780818939209
1.874609112739563
2.196066379547119
1.4947710037231445
1.092408299446106
4.225169658660889
5.564435005187988
1.9349883794784546
2.2122254371643066
1.3194750547409058
1.0777130126953125
4.171586036682129
5.772561550140381
1.9943612813949585
2.2281150817871094
1.1471006870269775
1.0632625818252563
4.118895530700684
5.977219581604004
2.0527446269989014
2.2432031631469727
1.0135440826416016
1.0490530729293823
4.067083358764648
6.178466320037842
2.110154867172241
2.2534284591674805
1.0968822240829468
1.0350803136825562
4.016134738922119
6.376358985900879
2.1666083335876465
2.2634832859039307
1.1788314580917358
1.0213404893875122
3.9660351276397705
6.570953369140625
2.222121000289917
2.2733705043792725
1.2594149112701416
1.0078296661376953
3.9167706966400146
6.762304782867432
2.2767083644866943
2.283092975616455
1.3386552333831787
1.0078296661376953
3.8742687702178955
6.950467109680176
2.33038592338562
2.2926535606384277
1.4165749549865723
1.0078296661376953
3.832475185394287
7.135493278503418
2.383168935775757
2.3020546436309814
1.4931960105895996
1.0078296661376953
3.7913782596588135
7.3174357414245605
2.435072183609009
2.3112990856170654
1.5685399770736694
1.0078296661376953
3.7509663105010986
7.496345520019531
2.4861104488372803
2.32038950920105
1.6426281929016113
1.0078296661376953
3.7112278938293457
7.672273635864258
2.5362980365753174
2.3293282985687256
1.7154816389083862
1.0078296661376953
3.672151565551758
7.845269680023193
2.585649251937866
2.338118076324463
1.7871208190917969
1.0078296661376953
3.6337265968322754
8.015382766723633
2.6341779232025146
2.346761465072632
1.8575661182403564
1.0078296661376953
3.5959420204162598
8.182660102844238
2.6818976402282715
2.3552608489990234
1.9268373250961304
1.0078296661376953
3.5587871074676514
8.347149848937988
2.7288219928741455
2.3636186122894287
1.994953989982605
1.0078296661376953
3.522251605987549
8.50889778137207
2.7749643325805664
2.3825700283050537
2.048243522644043
1.004975438117981
3.4999241828918457
8.667949676513672
2.8203377723693848
2.4291646480560303
2.0618698596954346
1.0049803256988525
3.516378164291382
8.82435131072998
2.864954948425293
2.474982500076294
2.0752689838409424
1.0049842596054077
3.532557725906372
8.978145599365234
2.9088284969329834
2.5200369358062744
2.088444948196411
1.004987359046936
3.5484676361083984
8.932968139648438
2.940103054046631
2.564340353012085
2.1014013290405273
1.0049898624420166
3.564112424850464
8.858613014221191
2.968336582183838
2.607905387878418
2.1141417026519775
1.004991888999939
3.5794966220855713
8.785496711730957
2.9960994720458984
2.6507444381713867
2.1266696453094482
1.0049935579299927
3.5946242809295654
8.71359920501709
3.023399591445923
2.6928694248199463
2.138988971710205
1.0049948692321777
3.609499931335449
8.642899513244629
3.0502448081970215
2.7342922687530518
2.1511027812957764
1.0049959421157837
3.6241276264190674
8.573378562927246
3.0766425132751465
2.775024890899658
2.1630148887634277
1.0049967765808105
3.6385114192962646
8.505016326904297
3.102600336074829
2.8150784969329834
2.1747283935546875
1.0049973726272583
3.652655601501465
8.437793731689453
3.1281254291534424
2.854464530944824
2.186246633529663
1.0049978494644165
3.6665639877319336
8.37169075012207
3.1532251834869385
2.8931941986083984
2.197572946548462
1.0049983263015747
3.6802406311035156
8.306690216064453
3.1779065132141113
2.9312782287597656
2.2087104320526123
1.0049986839294434
3.6936893463134766
8.242773056030273
3.202176570892334
2.9687275886535645
2.2196624279022217
1.0049989223480225
3.706913948059082
8.17992115020752
3.2260420322418213
3.0055527687072754
2.2304317951202393
1.0049991607666016
3.7199180126190186
8.11811637878418
3.249509811401367
3.041764259338379
2.2410216331481934
1.0049992799758911
3.7327053546905518
8.057341575622559
3.2725865840911865
3.0773723125457764
2.2514350414276123
1.0049993991851807
3.745279550552368
7.997580051422119
3.295278549194336
3.112386703491211
2.2616748809814453
1.0049995183944702
3.7576441764831543
7.938814163208008
3.3175923824310303
3.146817684173584
2.2717440128326416
1.0049996376037598
3.7698028087615967
7.881027698516846
3.339534282684326
3.1806747913360596
2.2816452980041504
1.0049997568130493
3.7817587852478027
7.824204444885254
3.3611104488372803
3.2139675617218018
2.291381597518921
1.0049997568130493
3.79351544380188
7.7683281898498535
3.382327079772949
3.2467055320739746
2.3009555339813232
1.0049997568130493
3.8050761222839355
7.713383197784424
3.4031901359558105
3.278897762298584
2.3103699684143066
1.0049997568130493
3.816444158554077
7.659354209899902
3.423705577850342
3.310553550720215
2.319627523422241
1.0049997568130493
3.827622652053833
7.606225490570068
3.4438788890838623
3.341681718826294
2.328730821609497
1.0049997568130493
3.8386149406433105
7.553982257843018
3.4637160301208496
3.372291088104248
2.3376824855804443
1.0049997568130493
3.849424123764038
7.502609729766846
3.483222484588623
3.402390241622925
2.346484899520874
1.0049997568130493
3.860053062438965
7.452093601226807
3.502403974533081
3.431987762451172
2.355140447616577
1.0049997568130493
3.870504856109619
7.402419090270996
3.521265745162964
3.461091995239258
2.363651752471924
1.0049997568130493
3.88078236579895
7.353572845458984
3.5398130416870117
3.489711284637451
2.372021198272705
1.0049997568130493
3.8908886909484863
7.305540561676025
3.558051347732544
3.5178534984588623
2.380251169204712
1.0049997568130493
3.9008264541625977
7.2583088874816895
3.5759856700897217
3.5455267429351807
2.3883440494537354
1.0049997568130493
3.9105987548828125
7.211864471435547
3.593621015548706
3.5727386474609375
2.3963019847869873
1.0049997568130493
3.920207977294922
7.166193962097168
3.610962390899658
3.599497079849243
2.404127359390259
1.0049997568130493
3.929657220840454
7.121284484863281
3.6280148029327393
3.62580943107605
2.4118223190307617
1.0049997568130493
3.9389488697052
7.077123641967773
3.6447830200195312
3.6516833305358887
2.419389009475708
1.0049997568130493
3.9480857849121094
7.033699035644531
3.661271810531616
3.677125930786133
2.4268295764923096
1.0049997568130493
3.9570703506469727
6.990997791290283
3.677485704421997
3.7021446228027344
2.4341461658477783
1.0049997568130493
3.96590518951416
6.949008464813232
3.693429470062256
3.7267463207244873
2.441340684890747
1.0049997568130493
3.974592685699463
6.907719135284424
3.7091073989868164
3.7509379386901855
2.448415517807007
1.0049997568130493
3.983135461807251
6.867117881774902
3.7245240211486816
3.774726390838623
2.4553723335266113
1.0049997568130493
3.9915359020233154
6.827193260192871
3.7396838665008545
3.7981183528900146
2.4622132778167725
1.0049997568130493
3.9997963905334473
6.787933826446533
3.7545909881591797
3.821120500564575
2.468940019607544
1.0049997568130493
4.0079193115234375
6.749329090118408
3.769249677658081
3.8437392711639404
2.4755547046661377
1.0049997568130493
4.015906810760498
6.711367607116699
3.7836639881134033
3.865981101989746
2.4820592403411865
1.0049997568130493
4.023760795593262
6.674038887023926
3.797837972640991
3.887852191925049
2.488455295562744
1.0049997568130493
4.031484127044678
6.637331962585449
3.8117759227752686
3.9093587398529053
2.4947447776794434
1.0049997568130493
4.039078712463379
6.601236820220947
3.825481414794922
3.930506944656372
2.500929355621338
1.0049997568130493
4.046546936035156
6.565743446350098
3.838958501815796
3.9513025283813477
2.5070109367370605
1.0049997568130493
4.053890705108643
6.530841827392578
3.8522109985351562
3.9717514514923096
2.512991189956665
1.0049997568130493
4.061111927032471
6.496521949768066
3.8652427196502686
3.9918596744537354
2.518871784210205
1.0049997568130493
4.068212509155273
6.46277379989624
3.8780572414398193
4.011632919311523
2.5246543884277344
1.0049997568130493
4.075194835662842
6.429588317871094
3.890658140182495
4.031076431274414
2.5303404331207275
1.0049997568130493
4.082060813903809
6.396955966949463
3.9030489921569824
4.050195693969727
2.5359318256378174
1.0049997568130493
4.088812351226807
6.364867210388184
3.9152333736419678
4.068996429443359
2.5414299964904785
1.0049997568130493
4.095451354980469
6.333313465118408
3.9272146224975586
4.087483882904053
2.5468366146087646
1.0049997568130493
4.101979732513428
6.302285671234131
3.9389963150024414
4.105663299560547
2.5521531105041504
1.0049997568130493
4.108399391174316
6.271774768829346
3.9505815505981445
4.123539447784424
2.5573809146881104
1.0049997568130493
4.114712238311768
6.241772651672363
3.9619736671447754
4.141118049621582
2.5625216960906982
1.0049997568130493
4.120919704437256
6.212270259857178
3.9731760025024414
4.158403396606445
2.5675766468048096
1.0049997568130493
4.127023696899414
6.1832594871521
3.984191656112671
4.175400733947754
2.572547435760498
1.0049997568130493
4.133026123046875
6.1547322273254395
3.995023727416992
4.19211483001709
2.5774354934692383
1.0049997568130493
4.138928413391113
6.126680850982666
4.005675315856934
4.208550453186035
2.582242012023926
1.0049997568130493
4.144732475280762
6.099096775054932
4.016149044036865
4.224711894989014
2.586968421936035
1.0049997568130493
4.150439739227295
6.071972370147705
4.0264482498168945
4.240603923797607
2.591615915298462
1.0049997568130493
4.1560516357421875
6.045300006866455
4.036575794219971
4.256231307983398
2.5961861610412598
1.0049997568130493
4.161570072174072
6.01907205581665
4.046534538269043
4.2715983390808105
2.600680112838745
1.0049997568130493
4.166996479034424
5.993281364440918
4.0563273429870605
4.286709308624268
2.6050992012023926
1.0049997568130493
4.172332763671875
5.967920780181885
4.065957069396973
4.301568031311035
2.6094446182250977
1.0049997568130493
4.177579879760742
5.9429826736450195
4.07542610168457
4.316179275512695
2.613717555999756
1.0049997568130493
4.182739734649658
5.918460369110107
4.084737300872803
4.330546855926514
2.617919445037842
1.0049997568130493
4.1878132820129395
5.894346714019775
4.093893527984619
4.344675064086914
2.622051239013672
1.0049997568130493
4.192802429199219
5.870635032653809
4.1028971672058105
4.358567714691162
2.6261141300201416
1.0049997568130493
4.197708606719971
5.847318172454834
4.111750602722168
4.372229099273682
2.6301093101501465
1.0049997568130493
4.202532768249512
5.824389934539795
4.120456695556641
4.38566255569458
2.634037971496582
1.0049997568130493
4.207276344299316
5.801844120025635
4.129017353057861
4.398872375488281
2.6379010677337646
1.0049997568130493
4.211941242218018
5.779674053192139
4.137435436248779
4.411861896514893
2.64169979095459
1.0049997568130493
4.216528415679932
5.75787353515625
4.1457133293151855
4.42463493347168
2.645435094833374
1.0049997568130493
4.221038818359375
5.736436367034912
4.153853416442871
4.437195301055908
2.6491081714630127
1.0049997568130493
4.2254743576049805
5.728018283843994
4.1692795753479
4.43688440322876
2.6452982425689697
1.0049997568130493
4.2298359870910645
5.719740390777588
4.184448719024658
4.436578273773193
2.6415517330169678
1.0049997568130493
4.234124660491943
5.7116007804870605
4.199365139007568
4.436277389526367
2.6378676891326904
1.0049997568130493
4.238341808319092
5.703596591949463
4.2140326499938965
4.435981750488281
2.634244918823242
1.0049997568130493
4.242488861083984
5.695725917816162
4.228456020355225
4.435690879821777
2.6306827068328857
1.0049997568130493
4.2465667724609375
5.687986373901367
4.242639064788818
4.4354047775268555
2.6271798610687256
1.0049997568130493
4.250576496124268
5.680375576019287
4.256585597991943
4.435123443603516
2.6237354278564453
1.0049997568130493
4.254519462585449
5.672891616821289
4.270299434661865
4.434846878051758
2.6203482151031494
1.0049997568130493
4.258396625518799
5.66553258895874
4.283784866333008
4.434575080871582
2.6170175075531006
1.0049997568130493
4.262209415435791
5.65829610824585
4.297045707702637
4.43430757522583
2.6137423515319824
1.0049997568130493
4.265958786010742
5.651180267333984
4.310085296630859
4.434044361114502
2.6105217933654785
1.0049997568130493
4.269645690917969
5.644183158874512
4.322907447814941
4.433785915374756
2.6073548793792725
1.0049997568130493
4.273271083831787
5.637302398681641
4.335515975952148
4.433531761169434
2.604240655899048
1.0049997568130493
4.276835918426514
5.6305365562438965
4.347914695739746
4.433281898498535
2.6011784076690674
1.0049997568130493
4.280341148376465
5.623883247375488
4.360106468200684
4.433035850524902
2.5981671810150146
1.0049997568130493
4.283788204193115
5.617341041564941
4.372095108032227
4.432794094085693
2.5952062606811523
1.0049997568130493
4.287177562713623
5.610908031463623
4.383883953094482
4.43255615234375
2.592294692993164
1.0049997568130493
4.290510654449463
5.6045823097229
4.395476341247559
4.4323225021362305
2.5894315242767334
1.0049997568130493
4.293787956237793
5.598361968994141
4.4068756103515625
4.432092666625977
2.586616039276123
1.0049997568130493
4.297010898590088
5.592245101928711
4.418084621429443
4.431866645812988
2.5838475227355957
1.0049997568130493
4.300179958343506
5.586230278015137
4.429107189178467
4.431644439697266
2.581125259399414
1.0049997568130493
4.303296089172363
5.580315589904785
4.439945697784424
4.431426048278809
2.5784482955932617
1.0049997568130493
4.306360721588135
5.574499607086182
4.450603485107422
4.431210994720459
2.5758159160614014
1.0049997568130493
4.30937385559082
5.568780422210693
4.461083889007568
4.430999755859375
2.5732274055480957
1.0049997568130493
4.3123369216918945
5.563156604766846
4.4713897705078125
4.430791854858398
2.5706820487976074
1.0049997568130493
4.315250873565674
5.557626724243164
4.481523513793945
4.430587291717529
2.568179130554199
1.0049997568130493
4.318116188049316
5.552188873291016
4.491488456726074
4.430386543273926
2.565717935562134
1.0049997568130493
4.320933818817139
5.546841621398926
4.501287460327148
4.43018913269043
2.563297748565674
1.0049997568130493
4.323704242706299
5.54158353805542
4.510922908782959
4.429994583129883
2.560917854309082
1.0049997568130493
4.326428413391113
5.536413192749023
4.520398139953613
4.429803371429443
2.5585777759552
1.0049997568130493
4.329107284545898
5.5313286781311035
4.529715061187744
4.429615497589111
2.556276559829712
1.0049997568130493
4.3317413330078125
5.526329040527344
4.538877010345459
4.429430961608887
2.554013729095459
1.0049997568130493
4.334331512451172
5.5214128494262695
4.547886371612549
4.429249286651611
2.551788568496704
1.0049997568130493
4.336878776550293
5.516578674316406
4.556745529174805
4.429070472717285
2.549600601196289
1.0049997568130493
4.339383602142334
5.511825084686279
4.565456867218018
4.428894996643066
2.5474491119384766
1.0049997568130493
4.341846466064453
5.507150650024414
4.574023246765137
4.428722381591797
2.5453333854675293
1.0049997568130493
4.344268321990967
5.502553939819336
4.582446575164795
4.428552627563477
2.543252944946289
1.0049997568130493
4.346649646759033
5.4980340003967285
4.590729713439941
4.4283857345581055
2.5412070751190186
1.0049997568130493
4.348991394042969
5.493589401245117
4.598874568939209
4.428221702575684
2.5391955375671387
1.0049997568130493
4.351294040679932
5.489218711853027
4.606884002685547
4.428060054779053
2.537217378616333
1.0049997568130493
4.353558540344238
5.484920978546143
4.614759922027588
4.427901268005371
2.5352721214294434
1.0049997568130493
4.355785369873047
5.480694770812988
4.622504234313965
4.4277448654174805
2.5333592891693115
1.0049997568130493
4.357975006103516
5.476539134979248
4.630119800567627
4.427591323852539
2.5314784049987793
1.0049997568130493
4.360127925872803
5.472452640533447
4.637608051300049
4.427440166473389
2.5296289920806885
1.0049997568130493
4.362245082855225
5.4684343338012695
4.64497184753418
4.4272918701171875
2.5278103351593018
1.0049997568130493
4.3643269538879395
5.46448278427124
4.652212619781494
4.427145957946777
2.526021957397461
1.0049997568130493
4.3663740158081055
5.460597038269043
4.659332752227783
4.427002429962158
2.524263381958008
1.0049997568130493
4.368387222290039
5.456776142120361
4.66633415222168
4.42686128616333
2.522534132003784
1.0049997568130493
4.37036657333374
5.453019142150879
4.673219203948975
4.426722526550293
2.520833730697632
1.0049997568130493
4.372313022613525
5.449324607849121
4.679989337921143
4.426586151123047
2.5191617012023926
1.0049997568130493
4.374227046966553
5.4456915855407715
4.686646461486816
4.426451683044434
2.517517566680908
1.0049997568130493
4.3761091232299805
5.442119121551514
4.693192958831787
4.426319599151611
2.5159008502960205
1.0049997568130493
4.377959728240967
5.438606262207031
4.699630260467529
4.42618989944458
2.5143110752105713
1.0049997568130493
4.379779815673828
5.435152053833008
4.705960273742676
4.426062107086182
2.5127477645874023
1.0049997568130493
4.3815693855285645
5.431755542755127
4.712184906005859
4.425936698913574
2.5112104415893555
1.0049997568130493
4.383329391479492
5.428415298461914
4.718305587768555
4.4258131980896
2.5096986293792725
1.0049997568130493
4.385059833526611
5.425130844116211
4.7243242263793945
4.425691604614258
2.508212089538574
1.0049997568130493
4.386761665344238
5.421901226043701
4.730242729187012
4.425572395324707
2.5067503452301025
1.0049997568130493
4.388434886932373
5.418725490570068
4.736062526702881
4.425455093383789
2.505312919616699
1.0049997568130493
4.390080451965332
5.415602684020996
4.741785049438477
4.425339698791504
2.503899574279785
1.0049997568130493
4.391698360443115
5.412531852722168
4.747412204742432
4.425226211547852
2.502509832382202
1.0049997568130493
4.393289566040039
5.409512042999268
4.752945899963379
4.425114631652832
2.501143217086792
1.0049997568130493
4.3948540687561035
5.406542778015137
4.758387088775635
4.425004959106445
2.4997992515563965
1.0049997568130493
4.396392345428467
5.403623104095459
4.763737678527832
4.424897193908691
2.4984776973724365
1.0049997568130493
4.397905349731445
5.400752067565918
4.768999099731445
4.424790859222412
2.497178316116333
1.0049997568130493
4.399393081665039
5.397928714752197
4.774172782897949
4.424686431884766
2.4959003925323486
1.0049997568130493
4.400856018066406
5.395152568817139
4.779260158538818
4.424583911895752
2.4946439266204834
1.0049997568130493
4.402294635772705
5.392422676086426
4.7842631340026855
4.424482822418213
2.493408441543579
1.0049997568130493
4.4037089347839355
5.389738082885742
4.789182662963867
4.424383640289307
2.4921934604644775
1.0049997568130493
4.405099868774414
5.38709831237793
4.794020175933838
4.424285888671875
2.4909987449645996
1.0049997568130493
4.406467437744141
5.384502410888672
4.798777103424072
4.424190044403076
2.489823818206787
1.0049997568130493
4.407812118530273
5.3819499015808105
4.803454399108887
4.424095630645752
2.488668441772461
1.0049997568130493
4.409134387969971
5.379439830780029
4.808053970336914
4.424002647399902
2.487532377243042
1.0049997568130493
4.410434722900391
5.37697172164917
4.812576770782471
4.4239115715026855
2.486415386199951
1.0049997568130493
4.411713600158691
5.374544620513916
4.817024230957031
4.423821926116943
2.4853169918060303
1.0049997568130493
4.412971019744873
5.372158050537109
4.82139778137207
4.423733711242676
2.4842369556427
1.0049997568130493
4.414207458496094
5.369811058044434
4.825698375701904
4.423646926879883
2.4831748008728027
1.0049997568130493
4.415423393249512
5.3675031661987305
4.82992696762085
4.4235615730285645
2.482130289077759
1.0049997568130493
4.416618824005127
5.365233898162842
4.834085464477539
4.423477649688721
2.4811031818389893
1.0049997568130493
4.417794704437256
5.363002300262451
4.838174343109131
4.423395156860352
2.480093240737915
1.0049997568130493
4.41895055770874
5.3608078956604
4.8421950340271
4.423314094543457
2.479100227355957
1.0049997568130493
4.4200873374938965
5.358650207519531
4.84614896774292
4.423234462738037
2.478123664855957
1.0049997568130493
4.421205043792725
5.3565287590026855
4.850037097930908
4.423156261444092
2.477163314819336
1.0049997568130493
4.422304153442383
5.354442596435547
4.853860378265381
4.423079013824463
2.4762191772460938
1.0049997568130493
4.423385143280029
5.352391242980957
4.857619762420654
4.423003196716309
2.4752907752990723
1.0049997568130493
4.424448013305664
5.3503737449646
4.861316680908203
4.422928810119629
2.4743776321411133
1.0049997568130493
4.425493240356445
5.348390102386475
4.864952087402344
4.422855377197266
2.473479747772217
1.0049997568130493
4.426520824432373
5.346439361572266
4.868526458740234
4.422783374786377
2.4725968837738037
1.0049997568130493
4.4275312423706055
5.3445210456848145
4.872041702270508
4.422712326049805
2.471728801727295
1.0049997568130493
4.428524971008301
5.342634677886963
4.875498294830322
4.422642707824707
2.4708750247955322
1.0049997568130493
4.429502010345459
5.340779781341553
4.878897190093994
4.422574043273926
2.4700355529785156
1.0049997568130493
4.430462837219238
5.338955879211426
4.88223934173584
4.422506809234619
2.469210147857666
1.0049997568130493
4.431407928466797
5.337162494659424
4.885525703430176
4.422440528869629
2.468398332595825
1.0049997568130493
4.432337284088135
5.335399150848389
4.888757228851318
4.422375202178955
2.467600107192993
1.0049997568130493
4.433250904083252
5.333664894104004
4.891934871673584
4.422311305999756
2.466815233230591
1.0049997568130493
4.434149265289307
5.3319597244262695
4.895059585571289
4.422248363494873
2.466043472290039
1.0049997568130493
4.435032844543457
5.330282688140869
4.89813232421875
4.422186374664307
2.465284585952759
1.0049997568130493
4.435901641845703
5.328633785247803
4.901154041290283
4.422125339508057
2.464538335800171
1.0049997568130493
4.436756134033203
5.327012538909912
4.904125213623047
4.422065258026123
2.4638044834136963
1.0049997568130493
4.437596321105957
5.325417995452881
4.907046794891357
4.422006130218506
2.463082790374756
1.0049997568130493
4.438422203063965
5.323850154876709
4.909919738769531
4.421947956085205
2.4623732566833496
1.0049997568130493
4.439234256744385
5.322308540344238
4.912744998931885
4.421891212463379
2.4616754055023193
1.0049997568130493
4.440032958984375
5.3207926750183105
4.915523052215576
4.421835422515869
2.460989236831665
1.0049997568130493
4.4408183097839355
5.319302082061768
4.918254852294922
4.421780109405518
2.4603145122528076
1.0049997568130493
4.441590785980225
5.317836284637451
4.92094087600708
4.421725749969482
2.459650993347168
1.0049997568130493
4.442350387573242
5.316394805908203
4.923582077026367
4.421672344207764
2.458998680114746
1.0049997568130493
4.443097114562988
5.314977169036865
4.9261794090271
4.421619892120361
2.458357095718384
1.0049997568130493
4.443831443786621
5.3135833740234375
4.9287333488464355
4.421568393707275
2.457726240158081
1.0049997568130493
4.444553375244141
5.312212944030762
4.931244850158691
4.421517848968506
2.457105875015259
1.0049997568130493
4.445263385772705
5.31086540222168
4.933714389801025
4.421468257904053
2.456496000289917
1.0049997568130493
4.4459614753723145
5.309540271759033
4.936142921447754
4.421419143676758
2.4558961391448975
1.0049997568130493
4.446648120880127
5.308237075805664
4.938530921936035
4.421370983123779
2.4553062915802
1.0049997568130493
4.447323322296143
5.306955814361572
4.9408793449401855
4.421323776245117
2.454726219177246
1.0049997568130493
4.447987079620361
5.305695533752441
4.943188667297363
4.421277046203613
2.454155921936035
1.0049997568130493
4.448639869689941
5.3044562339782715
4.945459365844727
4.421231269836426
2.4535951614379883
1.0049997568130493
4.449281692504883
5.3032379150390625
4.947691917419434
4.421186447143555
2.4530436992645264
1.0049997568130493
4.449913024902344
5.302039623260498
4.949887275695801
4.421142101287842
2.4525015354156494
1.0049997568130493
4.450533866882324
5.300861358642578
4.9520463943481445
4.421098709106445
2.451968193054199
1.0049997568130493
4.451144218444824
5.2997026443481445
4.954169273376465
4.421055793762207
2.451443910598755
1.0049997568130493
4.451744556427002
5.298563480377197
4.956256866455078
4.421013832092285
2.450928211212158
1.0049997568130493
4.452334880828857
5.297443389892578
4.958309650421143
4.4209723472595215
2.450421094894409
1.0049997568130493
4.452915191650391
5.296341896057129
4.960328102111816
4.420931816101074
2.449922561645508
1.0049997568130493
4.45348596572876
5.295258522033691
4.962313175201416
4.420891761779785
2.449432373046875
1.0049997568130493
4.454047203063965
5.294193267822266
4.964264869689941
4.420852184295654
2.4489502906799316
1.0049997568130493
4.454598903656006
5.293145656585693
4.966184139251709
4.42081356048584
2.4484763145446777
1.0049997568130493
4.455141544342041
5.292115688323975
4.968071460723877
4.420775413513184
2.448010206222534
1.0049997568130493
4.45567512512207
5.291102886199951
4.9699273109436035
4.420738220214844
2.447551727294922
1.0049997568130493
4.456199645996094
5.290106773376465
4.971752166748047
4.420701503753662
2.447100877761841
1.0049997568130493
4.4567155838012695
5.289127349853516
4.973546504974365
4.420665264129639
2.446657657623291
1.0049997568130493
4.457222938537598
5.2881646156311035
4.975311279296875
4.420629501342773
2.4462218284606934
1.0049997568130493
4.457721710205078
5.287217617034912
4.977046489715576
4.420594692230225
2.4457931518554688
1.0049997568130493
4.458212375640869
5.286286354064941
4.978752613067627
4.420560359954834
2.445371627807617
1.0049997568130493
4.458694934844971
5.285370826721191
4.980430603027344
4.420526504516602
2.4449572563171387
1.0049997568130493
4.459169387817383
5.284470558166504
4.982080459594727
4.420493125915527
2.444549798965454
1.0049997568130493
4.4596357345581055
5.283585071563721
4.983702659606934
4.420460224151611
2.4441490173339844
1.0049997568130493
4.460094451904297
5.282714366912842
4.985298156738281
4.420428276062012
2.4437549114227295
1.0049997568130493
4.460545539855957
5.281858444213867
4.9868669509887695
4.42039680480957
2.4433674812316895
1.0049997568130493
4.460988998413086
5.281016826629639
4.988409519195557
4.420365810394287
2.442986488342285
1.0049997568130493
4.461425304412842
5.280189037322998
4.989926338195801
4.420335292816162
2.4426119327545166
1.0049997568130493
4.461853981018066
5.279375076293945
4.99141788482666
4.420305252075195
2.4422435760498047
1.0049997568130493
4.462275505065918
5.278574466705322
4.992884635925293
4.420275688171387
2.4418814182281494
1.0049997568130493
4.462690353393555
5.277787208557129
4.994327068328857
4.420246601104736
2.4415252208709717
1.0049997568130493
4.463098049163818
5.277013301849365
4.9957451820373535
4.420217990875244
2.4411749839782715
1.0049997568130493
4.463499069213867
5.276252269744873
4.997139930725098
4.42018985748291
2.4408304691314697
1.0049997568130493
4.463893413543701
5.275504112243652
4.99851131439209
4.420162200927734
2.4404916763305664
1.0049997568130493
4.46428108215332
5.274768352508545
4.999859809875488
4.420135021209717
2.4401586055755615
1.0049997568130493
4.464662551879883
5.274044513702393
5.001185894012451
4.420108318328857
2.439831018447876
1.0049997568130493
4.4650373458862305
5.2733330726623535
5.002490043640137
4.420082092285156
2.4395089149475098
1.0049997568130493
4.4654059410095215
5.2726335525512695
5.003772258758545
4.420056343078613
2.439192295074463
1.0049997568130493
4.465768337249756
5.271945476531982
5.005033016204834
4.4200310707092285
2.4388809204101562
1.0049997568130493
4.466125011444092
5.271268844604492
5.006272792816162
4.420006275177002
2.43857479095459
1.0049997568130493
4.466475486755371
5.270603656768799
5.0074920654296875
4.419981479644775
2.4382736682891846
1.0049997568130493
4.466820240020752
5.269949436187744
5.00869083404541
4.419957160949707
2.4379775524139404
1.0049997568130493
4.467159271240234
5.269306182861328
5.009869575500488
4.419933319091797
2.4376864433288574
1.0049997568130493
4.467492580413818
5.268673419952393
5.01102876663208
4.419909954071045
2.4374001026153564
1.0049997568130493
4.467820167541504
5.2680511474609375
5.012168884277344
4.419887065887451
2.4371185302734375
1.0049997568130493
4.468142509460449
5.267439365386963
5.013289928436279
4.419864654541016
2.4368417263031006
1.0049997568130493
4.468459606170654
5.266838073730469
5.014392375946045
4.41984224319458
2.4365694522857666
1.0049997568130493
4.468771457672119
5.266246795654297
5.015476226806641
4.419820308685303
2.4363017082214355
1.0049997568130493
4.469078063964844
5.265665054321289
5.016541957855225
4.419798851013184
2.4360384941101074
1.0049997568130493
4.469379425048828
5.2650933265686035
5.017590045928955
4.419777870178223
2.435779571533203
1.0049997568130493
4.469675540924072
5.264531135559082
5.018620491027832
4.419756889343262
2.4355249404907227
1.0049997568130493
4.469966888427734
5.263978004455566
5.019633769989014
4.419736385345459
2.435274600982666
1.0049997568130493
4.4702534675598145
5.263434410095215
5.020630359649658
4.4197163581848145
2.435028553009033
1.0049997568130493
4.4705352783203125
5.262899875640869
5.021610260009766
4.419696807861328
2.434786558151245
1.0049997568130493
4.4708123207092285
5.262373924255371
5.022573947906494
4.419677257537842
2.4345486164093018
1.0049997568130493
4.4710845947265625
5.261857032775879
5.023521423339844
4.419658184051514
2.434314489364624
1.0049997568130493
4.471352577209473
5.261348724365234
5.024453163146973
4.419639587402344
2.434084415435791
1.0049997568130493
4.471615791320801
5.260848522186279
5.025369167327881
4.419620990753174
2.4338581562042236
1.0049997568130493
4.471874713897705
5.260356903076172
5.026269912719727
4.419602870941162
2.433635711669922
1.0049997568130493
4.4721293449401855
5.259873390197754
5.027155876159668
4.419585227966309
2.4334168434143066
1.0049997568130493
4.472379684448242
5.259397983551025
5.028027057647705
4.419567584991455
2.433201789855957
1.0049997568130493
4.472626209259033
5.258930683135986
5.028883457183838
4.41955041885376
2.432990312576294
1.0049997568130493
4.4728684425354
5.2584710121154785
5.029726028442383
4.4195332527160645
2.4327821731567383
1.0049997568130493
4.473106384277344
5.258018970489502
5.030554294586182
4.419516563415527
2.432577610015869
1.0049997568130493
4.4733405113220215
5.257574558258057
5.031368732452393
4.419500350952148
2.4323763847351074
1.0049997568130493
4.473570823669434
5.257137298583984
5.032169818878174
4.4194841384887695
2.432178497314453
1.0049997568130493
4.47379732131958
5.256707668304443
5.032957553863525
4.419468402862549
2.4319839477539062
1.0049997568130493
4.474020004272461
5.256285190582275
5.033731937408447
4.419452667236328
2.431792736053467
1.0049997568130493
4.474238872528076
5.255869388580322
5.034493446350098
4.419437408447266
2.4316046237945557
1.0049997568130493
4.474454402923584
5.255460739135742
5.035242080688477
4.419422149658203
2.431419610977173
1.0049997568130493
4.474666118621826
5.255058765411377
5.035978317260742
4.419407367706299
2.4312376976013184
1.0049997568130493
4.474874496459961
5.254663467407227
5.036702632904053
4.4193925857543945
2.431058883666992
1.0049997568130493
4.47507905960083
5.254274845123291
5.03741455078125
4.419378280639648
2.4308829307556152
1.0049997568130493
4.475280284881592
5.25389289855957
5.038114547729492
4.419363975524902
2.4307100772857666
1.0049997568130493
4.475478172302246
5.253517150878906
5.0388031005859375
4.4193501472473145
2.430540084838867
1.0049997568130493
4.475672721862793
5.253147602081299
5.039480209350586
4.419336318969727
2.430372953414917
1.0049997568130493
4.475863933563232
5.252784252166748
5.0401458740234375
4.419322967529297
2.430208444595337
1.0049997568130493
4.476052284240723
5.252427101135254
5.04080057144165
4.419309616088867
2.430046796798706
1.0049997568130493
4.4762372970581055
5.252075672149658
5.041444301605225
4.419296741485596
2.4298877716064453
1.0049997568130493
4.476419448852539
5.251730442047119
5.042077541351318
4.419283866882324
2.4297313690185547
1.0049997568130493
4.476598262786865
5.2513909339904785
5.042699813842773
4.419271469116211
2.429577589035034
1.0049997568130493
4.476774215698242
5.251057147979736
5.043312072753906
4.419259071350098
2.429426431655884
1.0049997568130493
4.47694730758667
5.250728607177734
5.043913841247559
4.419247150421143
2.4292778968811035
1.0049997568130493
4.477117538452148
5.250405788421631
5.044505596160889
4.4192352294921875
2.4291317462921143
1.0049997568130493
4.477284908294678
5.250088214874268
5.045087814331055
4.419223308563232
2.428987979888916
1.0049997568130493
4.477449417114258
5.2497758865356445
5.045660018920898
4.4192118644714355
2.428846597671509
1.0049997568130493
4.477611064910889
5.249468803405762
5.046222686767578
4.419200420379639
2.4287075996398926
1.0049997568130493
4.4777703285217285
5.249166965484619
5.046775817871094
4.419189453125
2.4285709857940674
1.0049997568130493
4.477926731109619
5.248869895935059
5.0473198890686035
4.419178485870361
2.428436517715454
1.0049997568130493
4.478080749511719
5.248578071594238
5.047854900360107
4.419167518615723
2.428304433822632
1.0049997568130493
4.478231906890869
5.248291015625
5.0483808517456055
4.419157028198242
2.4281744956970215
1.0049997568130493
4.4783806800842285
5.248008728027344
5.048898220062256
4.419146537780762
2.428046703338623
1.0049997568130493
4.478527069091797
5.2477312088012695
5.049407005310059
4.419136047363281
2.4279210567474365
1.0049997568130493
4.478671073913574
5.247457981109619
5.049907207489014
4.419126033782959
2.427797555923462
1.0049997568130493
4.4788126945495605
5.247189521789551
5.050399303436279
4.419116020202637
2.42767596244812
1.0049997568130493
4.478951930999756
5.246925354003906
5.050882816314697
4.419106483459473
2.4275565147399902
1.0049997568130493
4.47908878326416
5.246665954589844
5.051358699798584
4.419096946716309
2.427438974380493
1.0049997568130493
4.479223251342773
5.246410846710205
5.051826477050781
4.4190874099731445
2.427323341369629
1.0049997568130493
4.479355335235596
5.24616003036499
5.052286624908447
4.419078350067139
2.4272098541259766
1.0049997568130493
4.479485511779785
5.245913028717041
5.052739143371582
4.419069290161133
2.427098035812378
1.0049997568130493
4.479613304138184
5.245670318603516
5.0531840324401855
4.419060230255127
2.426988124847412
1.0049997568130493
4.479739189147949
5.245431423187256
5.053621292114258
4.419051647186279
2.426880121231079
1.0049997568130493
4.479862689971924
5.24519681930542
5.054051399230957
4.419043064117432
2.4267737865448
1.0049997568130493
4.479984283447266
5.24496603012085
5.054474353790283
4.419034481048584
2.4266693592071533
1.0049997568130493
4.480103969573975
5.244739055633545
5.054890155792236
4.419025897979736
2.4265666007995605
1.0049997568130493
4.480221748352051
5.244515895843506
5.055299282073975
4.419017791748047
2.4264655113220215
1.0049997568130493
4.480337142944336
5.244296550750732
5.05570125579834
4.419017791748047
2.4264655113220215
1.0049997568130493
4.480450630187988
5.244081020355225
5.05609655380249
4.419017791748047
2.4264655113220215
1.0049997568130493
4.480562210083008
5.243868827819824
5.056485176086426
4.419017791748047
2.4264655113220215
1.0049997568130493
4.480672359466553
5.243659973144531
5.056867599487305
4.419017791748047
2.4264655113220215
1.0049997568130493
4.480780601501465
5.243454933166504
5.057243347167969
4.419017791748047
2.4264655113220215
1.0049997568130493
4.480886936187744
5.243253231048584
5.057612895965576
4.419017791748047
2.4264655113220215
1.0049997568130493
4.480991363525391
5.2430548667907715
5.057976245880127
4.419017791748047
2.4264655113220215
1.0049997568130493
4.4810943603515625
5.242859840393066
5.058333873748779
4.419017791748047
2.4264655113220215
1.0049997568130493
4.481195449829102
5.242668151855469
5.058685302734375
4.419017791748047
2.4264655113220215
1.0049997568130493
4.481195449829102
5.24247932434082
5.059031009674072
4.419017791748047
2.4264655113220215
1.0049997568130493
4.481195449829102
5.242293834686279
5.059370994567871
4.419017791748047
2.4264655113220215
1.0049997568130493
4.481195449829102
5.242111682891846
5.0597052574157715
4.419017791748047
2.4264655113220215
1.0049997568130493
4.481195449829102
5.241932392120361
5.060033798217773
4.419017791748047
2.4264655113220215
1.0049997568130493
4.481195449829102
5.241755962371826
5.060357093811035
4.419017791748047
2.4264655113220215
1.0049997568130493
4.481195449829102
5.24158239364624
5.060674667358398
4.419017791748047
2.4264655113220215
1.0049997568130493
4.481195449829102
5.2414116859436035
5.0609869956970215
4.419017791748047
2.4264655113220215
1.0049997568130493
4.481195449829102
5.241243839263916
5.061294078826904
4.419017791748047
2.4264655113220215
1.0049997568130493
4.481195449829102
5.241078853607178
5.061596393585205
4.419017791748047
2.4264655113220215
1.0049997568130493
4.481195449829102
5.240916728973389
5.061893463134766
4.419017791748047
2.4264655113220215
1.0049997568130493
4.481195449829102
5.240757465362549
5.062185764312744
4.419017791748047
2.4264655113220215
1.0049997568130493
4.481195449829102
5.2406005859375
5.062473297119141
4.419017791748047
2.4264655113220215
1.0049997568130493
4.481195449829102
5.2404465675354
5.062755584716797
4.419017791748047
2.4264655113220215
1.0049997568130493
4.481195449829102
5.240294933319092
5.063033580780029
4.419017791748047
2.4264655113220215
1.0049997568130493
4.481195449829102
5.240145683288574
5.06330680847168
4.419017791748047
2.4264655113220215
1.0049997568130493
4.481195449829102
5.239999294281006
5.063575267791748
4.419017791748047
2.4264655113220215
1.0049997568130493
4.481195449829102
5.2398552894592285
5.063839435577393
4.419017791748047
2.4264655113220215
1.0049997568130493
4.481195449829102
5.239713668823242
5.064099311828613
4.419017791748047
2.4264655113220215
1.0049997568130493
4.481195449829102
5.239574432373047
5.06435489654541
4.419017791748047
2.4264655113220215
1.0049997568130493
4.481195449829102
5.239437580108643
5.064606189727783
4.419017791748047
2.4264655113220215
1.0049997568130493
4.481195449829102
5.239302635192871
5.064853191375732
4.419017791748047
2.4264655113220215
1.0049997568130493
4.481195449829102
5.239170074462891
5.065095901489258
4.419017791748047
2.4264655113220215
1.0049997568130493
4.481195449829102
5.239039897918701
5.065334796905518
4.419017791748047
2.4264655113220215
1.0049997568130493
4.481195449829102
5.2389116287231445
5.0655694007873535
4.419017791748047
2.4264655113220215
1.0049997568130493
4.481195449829102
5.238785743713379
5.065800189971924
4.419017791748047
2.4264655113220215
1.0049997568130493
4.481195449829102
5.238661766052246
5.0660271644592285
4.419017791748047
2.4264655113220215
1.0049997568130493
4.481195449829102
5.238539695739746
5.066250324249268
4.419017791748047
2.4264655113220215
1.0049997568130493
4.481195449829102
5.238420009613037
5.066469669342041
4.419017791748047
2.4264655113220215
1.0049997568130493
4.481195449829102
5.238302230834961
5.066685676574707
4.419017791748047
2.4264655113220215
1.0049997568130493
4.481195449829102
5.238186359405518
5.066897869110107
4.419017791748047
2.4264655113220215
1.0049997568130493
4.481195449829102
5.238072395324707
5.0671067237854
4.419017791748047
2.4264655113220215
1.0049997568130493
4.481195449829102
5.237960338592529
5.067312240600586
4.419017791748047
2.4264655113220215
1.0049997568130493
4.481195449829102
5.237850189208984
5.067513942718506
4.419017791748047
2.4264655113220215
1.0049997568130493
4.481195449829102
5.237741947174072
5.067712306976318
4.419017791748047
2.4264655113220215
1.0049997568130493
4.481195449829102
5.237635612487793
5.067907333374023
4.419017791748047
2.4264655113220215
1.0049997568130493
4.481195449829102
5.237530708312988
5.068099498748779
4.419017791748047
2.4264655113220215
1.0049997568130493
4.481195449829102
5.237427711486816
5.068288326263428
4.419017791748047
2.4264655113220215
1.0049997568130493
4.481195449829102
5.237326622009277
5.068473815917969
4.419017791748047
2.4264655113220215
1.0049997568130493
4.481195449829102
5.237226963043213
5.0686564445495605
4.419017791748047
2.4264655113220215
1.0049997568130493
4.481195449829102
5.237129211425781
5.068835735321045
4.419017791748047
2.4264655113220215
1.0049997568130493
4.481195449829102
5.237032890319824
5.06901216506958
4.419017791748047
2.4264655113220215
1.0049997568130493
4.481195449829102
5.236937999725342
5.069185733795166
4.419017791748047
2.4264655113220215
1.0049997568130493
4.481195449829102
5.236845016479492
5.069356441497803
4.419017791748047
2.4264655113220215
1.0049997568130493
4.481195449829102
5.236753463745117
5.06952428817749
4.419017791748047
2.4264655113220215
1.0049997568130493
4.481195449829102
5.236663341522217
5.0696892738342285
4.419017791748047
2.4264655113220215
1.0049997568130493
4.481195449829102
5.236574649810791
5.069851398468018
4.419017791748047
2.4264655113220215
1.0049997568130493
4.481195449829102
5.23648738861084
5.070011138916016
4.419017791748047
2.4264655113220215
1.0049997568130493
4.481195449829102
5.236401557922363
5.0701680183410645
4.419017791748047
2.4264655113220215
1.0049997568130493
4.481195449829102
5.236317157745361
5.070322513580322
4.419017791748047
2.4264655113220215
1.0049997568130493
4.481195449829102
5.236234188079834
5.070474147796631
4.419017791748047
2.4264655113220215
1.0049997568130493
4.481195449829102
5.236152648925781
5.070623397827148
4.419017791748047
2.4264655113220215
1.0049997568130493
4.481195449829102
5.236072540283203
5.070770263671875
4.419017791748047
2.4264655113220215
1.0049997568130493
4.481195449829102
5.2359938621521
5.070914268493652
4.419017791748047
2.4264655113220215
1.0049997568130493
4.481195449829102
5.235916614532471
5.071055889129639
4.419017791748047
2.4264655113220215
1.0049997568130493
4.481195449829102
5.235840320587158
5.071195125579834
4.419017791748047
2.4264655113220215
1.0049997568130493
4.481195449829102
5.23576545715332
5.0713324546813965
4.419017791748047
2.4264655113220215
1.0049997568130493
4.481195449829102
5.235692024230957
5.071467399597168
4.419017791748047
2.4264655113220215
1.0049997568130493
4.481195449829102
5.23561954498291
5.071599960327148
4.419017791748047
2.4264655113220215
1.0049997568130493
4.481195449829102
5.235548496246338
5.071730136871338
4.419017791748047
2.4264655113220215
1.0049997568130493
4.481195449829102
5.235478401184082
5.0718584060668945
4.419017791748047
2.4264655113220215
1.0049997568130493
4.481195449829102
5.235409736633301
5.07198429107666
4.419017791748047
2.4264655113220215
1.0049997568130493
4.481195449829102
5.235342025756836
5.072108268737793
4.419017791748047
2.4264655113220215
1.0049997568130493
4.481195449829102
5.2352752685546875
5.072230339050293
4.419017791748047
2.4264655113220215
1.0049997568130493
4.481195449829102
5.235209941864014
5.072350025177002
4.419017791748047
2.4264655113220215
1.0049997568130493
4.481195449829102
5.235145568847656
5.072467803955078
4.419017791748047
2.4264655113220215
1.0049997568130493
4.481195449829102
5.235082149505615
5.0725836753845215
4.419017791748047
2.4264655113220215
1.0049997568130493
4.481195449829102
5.235020160675049
5.072697639465332
4.419017791748047
2.4264655113220215
1.0049997568130493
4.481195449829102
5.234959125518799
5.07280969619751
4.419017791748047
2.4264655113220215
1.0049997568130493
4.481195449829102
5.234899044036865
5.072919845581055
4.419017791748047
2.4264655113220215
1.0049997568130493
4.481195449829102
5.234839916229248
5.073028087615967
4.419017791748047
2.4264655113220215
1.0049997568130493
4.481195449829102
5.234781742095947
5.073134899139404
4.419017791748047
2.4264655113220215
1.0049997568130493
4.481195449829102
5.234724521636963
5.073239803314209
4.419017791748047
2.4264655113220215
1.0049997568130493
4.481195449829102
5.234668254852295
5.073342800140381
4.419017791748047
2.4264655113220215
1.0049997568130493
4.481195449829102
5.234612941741943
5.073444366455078
4.419017791748047
2.4264655113220215
1.0049997568130493
4.481195449829102
5.234558582305908
5.073544025421143
4.419017791748047
2.4264655113220215
1.0049997568130493
4.481195449829102
5.2345051765441895
5.073642253875732
4.419017791748047
2.4264655113220215
1.0049997568130493
4.481195449829102
5.234452724456787
5.0737385749816895
4.419017791748047
2.4264655113220215
1.0049997568130493
4.481195449829102
5.234401226043701
5.073833465576172
4.419017791748047
2.4264655113220215
1.0049997568130493
4.481195449829102
5.234350204467773
5.0739264488220215
4.419017791748047
2.4264655113220215
1.0049997568130493
4.481195449829102
5.234300136566162
5.0740180015563965
4.419017791748047
2.4264655113220215
1.0049997568130493
4.481195449829102
5.234251022338867
5.074108123779297
4.419017791748047
2.4264655113220215
1.0049997568130493
4.481195449829102
5.234202861785889
5.074196815490723
4.419017791748047
2.4264655113220215
1.0049997568130493
4.481195449829102
